1.000000000000000000e+00 2.674654828596962375e+01
1.072267222010323318e+00 2.674490296493884500e+01
1.149756995397735793e+00 2.674090160494493418e+01
1.232846739442066131e+00 2.674113192316152521e+01
1.321941148466029059e+00 2.674191848570749386e+01
1.417474162926805281e+00 2.674707989876641889e+01
1.519911082952933645e+00 2.674166698489752392e+01
1.629750834620644184e+00 2.674059160954048053e+01
1.747528400007683835e+00 2.674388738976291791e+01
1.873817422860383886e+00 2.674423939510402448e+01
2.009233002565047332e+00 2.674087923355448737e+01
2.154434690031883814e+00 2.673686307640780058e+01
2.310129700083159765e+00 2.674052144038643064e+01
2.477076355991710610e+00 2.674399054032184964e+01
2.656087782946686460e+00 2.673825017579970620e+01
2.848035868435801810e+00 2.674537402384092744e+01
3.053855508833415389e+00 2.674848682676630673e+01
3.274549162877728570e+00 2.674443002578728823e+01
3.511191734215131088e+00 2.674351631805901874e+01
3.764935806792468309e+00 2.673348925220863492e+01
4.037017258596554470e+00 2.674218448165802187e+01
4.328761281083058243e+00 2.674670533009305018e+01
4.641588833612779297e+00 2.674812020185488137e+01
4.977023564332111683e+00 2.674107222848897436e+01
5.336699231206309513e+00 2.674507996867214032e+01
5.722367659350217295e+00 2.674274882086978877e+01
6.135907273413172547e+00 2.674361787780986077e+01
6.579332246575680720e+00 2.673278905757241475e+01
7.054802310718643277e+00 2.673852265208502743e+01
7.564633275546288615e+00 2.673843584074462854e+01
8.111308307896871739e+00 2.674274112933527903e+01
8.697490026177835176e+00 2.674369744630116941e+01
9.326033468832198636e+00 2.673533768996307103e+01
1.000000000000000000e+01 2.674968568474867325e+01
1.072267222010323096e+01 2.673885364058181935e+01
1.149756995397735615e+01 2.673665613016578746e+01
1.232846739442065953e+01 2.673731047104567438e+01
1.321941148466029325e+01 2.672303946034011446e+01
1.417474162926805548e+01 2.673808158976639149e+01
1.519911082952933867e+01 2.673185105550495777e+01
1.629750834620644184e+01 2.674043241913425462e+01
1.747528400007684013e+01 2.672135558125438948e+01
1.873817422860383886e+01 2.672719001790510163e+01
2.009233002565046888e+01 2.671981249000861069e+01
2.154434690031884614e+01 2.672343302095882223e+01
2.310129700083160387e+01 2.671773335081856260e+01
2.477076355991711409e+01 2.672294674592107100e+01
2.656087782946686815e+01 2.672027793470294910e+01
2.848035868435801987e+01 2.670827954953564642e+01
3.053855508833415655e+01 2.670444664189710693e+01
3.274549162877728037e+01 2.669723285889490683e+01
3.511191734215130822e+01 2.668978021349068186e+01
3.764935806792467332e+01 2.669133031906484632e+01
4.037017258596555536e+01 2.666893078131207773e+01
4.328761281083059487e+01 2.666917891773267257e+01
4.641588833612780007e+01 2.665253428148727366e+01
4.977023564332111505e+01 2.663881197274006141e+01
5.336699231206309690e+01 2.661826323173998077e+01
5.722367659350216940e+01 2.659266135960782407e+01
6.135907273413172902e+01 2.657860220097285975e+01
6.579332246575683030e+01 2.654907210917550842e+01
7.054802310718645231e+01 2.650431046482448139e+01
7.564633275546290747e+01 2.646636487413567451e+01
8.111308307896872805e+01 2.642905273018791945e+01
8.697490026177834466e+01 2.635947561595149224e+01
9.326033468832198992e+01 2.628993221607548847e+01
1.000000000000000000e+02 2.620301069819311834e+01
1.072267222010323167e+02 2.609936823867348821e+01
1.149756995397735579e+02 2.599130449633308260e+01
1.232846739442065882e+02 2.583725924041931066e+01
1.321941148466028721e+02 2.565551385438003251e+01
1.417474162926804695e+02 2.544700072654965695e+01
1.519911082952933157e+02 2.519912732099132668e+01
1.629750834620645037e+02 2.490466068236788644e+01
1.747528400007684866e+02 2.455646660129703918e+01
1.873817422860385022e+02 2.414401037174329900e+01
2.009233002565048025e+02 2.365908272700496795e+01
2.154434690031884543e+02 2.309731627297813361e+01
2.310129700083160458e+02 2.244399552573749546e+01
2.477076355991711409e+02 2.169361742183491160e+01
2.656087782946686957e+02 2.083526512436895572e+01
2.848035868435802058e+02 1.986308036276390965e+01
3.053855508833415797e+02 1.877235540273511560e+01
3.274549162877728463e+02 1.757314818028752867e+01
3.511191734215130964e+02 1.624958460068179278e+01
3.764935806792467474e+02 1.486001278226545530e+01
4.037017258596553688e+02 1.338783798293701821e+01
4.328761281083056929e+02 1.182798226504444550e+01
4.641588833612781855e+02 1.033070987411344710e+01
4.977023564332113779e+02 8.612577933488287485e+00
5.336699231206312106e+02 7.386827814547303639e+00
5.722367659350220492e+02 6.111103989219142107e+00
6.135907273413175744e+02 4.818866914020015102e+00
6.579332246575681893e+02 3.726765959390895944e+00
7.054802310718645231e+02 2.765182152881651589e+00
7.564633275546290179e+02 2.060867741276951381e+00
8.111308307896872520e+02 1.531553780374637297e+00
8.697490026177833897e+02 1.078059477509728525e+00
9.326033468832199560e+02 6.942300505616124662e-01
1.000000000000000000e+03 4.586961018596699136e-01
