1.000000000000000000e+00 3.463208526362558359e+01
1.072267222010323318e+00 3.464666262756277604e+01
1.149756995397735793e+00 3.464687822178952814e+01
1.232846739442066131e+00 3.464265272021501829e+01
1.321941148466029059e+00 3.464329119910046728e+01
1.417474162926805281e+00 3.464027791112300037e+01
1.519911082952933645e+00 3.464088488760889817e+01
1.629750834620644184e+00 3.463920516042181674e+01
1.747528400007683835e+00 3.464161395369799834e+01
1.873817422860383886e+00 3.464201232163239297e+01
2.009233002565047332e+00 3.464370651697822012e+01
2.154434690031883814e+00 3.464787680222337940e+01
2.310129700083159765e+00 3.464515671787797402e+01
2.477076355991710610e+00 3.463759452130440764e+01
2.656087782946686460e+00 3.464557032801329228e+01
2.848035868435801810e+00 3.464677425557049162e+01
3.053855508833415389e+00 3.464297750767561013e+01
3.274549162877728570e+00 3.464312758891954758e+01
3.511191734215131088e+00 3.464543989508148769e+01
3.764935806792468309e+00 3.464308754450909333e+01
4.037017258596554470e+00 3.464717020616969734e+01
4.328761281083058243e+00 3.464886359640935609e+01
4.641588833612779297e+00 3.464470162591689473e+01
4.977023564332111683e+00 3.464124871589363863e+01
5.336699231206309513e+00 3.463904817131906100e+01
5.722367659350217295e+00 3.464054165248455064e+01
6.135907273413172547e+00 3.463370820714406051e+01
6.579332246575680720e+00 3.464185242452986557e+01
7.054802310718643277e+00 3.463020832574040497e+01
7.564633275546288615e+00 3.465135249553644314e+01
8.111308307896871739e+00 3.464870763510901952e+01
8.697490026177835176e+00 3.464361151184809984e+01
9.326033468832198636e+00 3.463603961115578755e+01
1.000000000000000000e+01 3.463964657852924489e+01
1.072267222010323096e+01 3.463902361880334979e+01
1.149756995397735615e+01 3.463955941322151943e+01
1.232846739442065953e+01 3.463792030291318014e+01
1.321941148466029325e+01 3.462548681067234213e+01
1.417474162926805548e+01 3.463894043879302842e+01
1.519911082952933867e+01 3.463266139211713579e+01
1.629750834620644184e+01 3.463647963609631120e+01
1.747528400007684013e+01 3.463177762154485606e+01
1.873817422860383886e+01 3.463641936256669851e+01
2.009233002565046888e+01 3.462801611140696423e+01
2.154434690031884614e+01 3.462500009859057570e+01
2.310129700083160387e+01 3.462774236807348416e+01
2.477076355991711409e+01 3.463050045774600250e+01
2.656087782946686815e+01 3.463070226446946975e+01
2.848035868435801987e+01 3.462181496182883933e+01
3.053855508833415655e+01 3.461167748846324344e+01
3.274549162877728037e+01 3.461372262252690746e+01
3.511191734215130822e+01 3.460864553426921475e+01
3.764935806792467332e+01 3.458804357122032513e+01
4.037017258596555536e+01 3.458978065926092427e+01
4.328761281083059487e+01 3.458846910930418517e+01
4.641588833612780007e+01 3.457095207427720140e+01
4.977023564332111505e+01 3.456731448238842574e+01
5.336699231206309690e+01 3.454443516351740584e+01
5.722367659350216940e+01 3.452938632275994735e+01
6.135907273413172902e+01 3.450598022879323423e+01
6.579332246575683030e+01 3.449962025637739060e+01
7.054802310718645231e+01 3.446891612093171631e+01
7.564633275546290747e+01 3.443560983638550255e+01
8.111308307896872805e+01 3.439553367219162539e+01
8.697490026177834466e+01 3.435155468627304742e+01
9.326033468832198992e+01 3.430304869939944723e+01
1.000000000000000000e+02 3.424595609574242872e+01
1.072267222010323167e+02 3.417224419240184119e+01
1.149756995397735579e+02 3.409303814623223872e+01
1.232846739442065882e+02 3.398819724228700778e+01
1.321941148466028721e+02 3.386254938579733675e+01
1.417474162926804695e+02 3.370683540221786956e+01
1.519911082952933157e+02 3.354240990471082284e+01
1.629750834620645037e+02 3.332708145696881985e+01
1.747528400007684866e+02 3.309037276324320231e+01
1.873817422860385022e+02 3.279367200002064919e+01
2.009233002565048025e+02 3.246089759385409224e+01
2.154434690031884543e+02 3.204440543292452759e+01
2.310129700083160458e+02 3.156463355752907418e+01
2.477076355991711409e+02 3.101230427575168846e+01
2.656087782946686957e+02 3.036608568352237469e+01
2.848035868435802058e+02 2.962456540144812323e+01
3.053855508833415797e+02 2.875910364481989490e+01
3.274549162877728463e+02 2.779505899641632993e+01
3.511191734215130964e+02 2.671018222334469527e+01
3.764935806792467474e+02 2.551081269472821234e+01
4.037017258596553688e+02 2.416722465319230650e+01
4.328761281083056929e+02 2.272632471860073267e+01
4.641588833612781855e+02 2.115465297205360429e+01
4.977023564332113779e+02 1.951501800866128633e+01
5.336699231206312106e+02 1.780339762055439579e+01
5.722367659350220492e+02 1.605464537811333869e+01
6.135907273413175744e+02 1.427297225480159781e+01
6.579332246575681893e+02 1.253263796159923871e+01
7.054802310718645231e+02 1.082751480465173444e+01
7.564633275546290179e+02 9.167991659172155750e+00
8.111308307896872520e+02 7.683474795459286355e+00
8.697490026177833897e+02 6.261824581575198501e+00
9.326033468832199560e+02 5.017679219659293643e+00
1.000000000000000000e+03 3.988589370353896157e+00
