# Free-streaming bound for operator=S, sim_name=SFHo-20.0, lepton=e
# Duration:	2024-08-09 17:13:55 -> 2024-08-09 17:22:23 (8.47min)
# Parameters:	sim_range=[0, 80], vegas_kwargs={'nitn': 10, 'neval': 1000, 'alpha': 0.5}
# m_chi [MeV] / Lambda [TeV]
1.00e+00 3.72e+01
1.07e+00 3.72e+01
1.15e+00 3.72e+01
1.23e+00 3.72e+01
1.32e+00 3.72e+01
1.42e+00 3.72e+01
1.52e+00 3.72e+01
1.63e+00 3.72e+01
1.75e+00 3.72e+01
1.87e+00 3.72e+01
2.01e+00 3.72e+01
2.15e+00 3.72e+01
2.31e+00 3.72e+01
2.48e+00 3.72e+01
2.66e+00 3.72e+01
2.85e+00 3.72e+01
3.05e+00 3.72e+01
3.27e+00 3.72e+01
3.51e+00 3.72e+01
3.76e+00 3.72e+01
4.04e+00 3.72e+01
4.33e+00 3.72e+01
4.64e+00 3.72e+01
4.98e+00 3.72e+01
5.34e+00 3.72e+01
5.72e+00 3.72e+01
6.14e+00 3.72e+01
6.58e+00 3.72e+01
7.05e+00 3.72e+01
7.56e+00 3.72e+01
8.11e+00 3.72e+01
8.70e+00 3.72e+01
9.33e+00 3.72e+01
1.00e+01 3.72e+01
1.07e+01 3.72e+01
1.15e+01 3.72e+01
1.23e+01 3.72e+01
1.32e+01 3.72e+01
1.42e+01 3.72e+01
1.52e+01 3.72e+01
1.63e+01 3.72e+01
1.75e+01 3.72e+01
1.87e+01 3.72e+01
2.01e+01 3.72e+01
2.15e+01 3.72e+01
2.31e+01 3.72e+01
2.48e+01 3.72e+01
2.66e+01 3.72e+01
2.85e+01 3.72e+01
3.05e+01 3.72e+01
3.27e+01 3.72e+01
3.51e+01 3.72e+01
3.76e+01 3.72e+01
4.04e+01 3.71e+01
4.33e+01 3.71e+01
4.64e+01 3.71e+01
4.98e+01 3.71e+01
5.34e+01 3.71e+01
5.72e+01 3.70e+01
6.14e+01 3.70e+01
6.58e+01 3.70e+01
7.05e+01 3.69e+01
7.56e+01 3.69e+01
8.11e+01 3.68e+01
8.70e+01 3.68e+01
9.33e+01 3.67e+01
1.00e+02 3.66e+01
1.07e+02 3.65e+01
1.15e+02 3.64e+01
1.23e+02 3.62e+01
1.32e+02 3.61e+01
1.42e+02 3.59e+01
1.52e+02 3.56e+01
1.63e+02 3.54e+01
1.75e+02 3.50e+01
1.87e+02 3.47e+01
2.01e+02 3.42e+01
2.15e+02 3.37e+01
2.31e+02 3.32e+01
2.48e+02 3.25e+01
2.66e+02 3.17e+01
2.85e+02 3.08e+01
3.05e+02 2.98e+01
3.27e+02 2.86e+01
3.51e+02 2.73e+01
3.76e+02 2.59e+01
4.04e+02 2.43e+01
4.33e+02 2.26e+01
4.64e+02 2.07e+01
4.98e+02 1.88e+01
5.34e+02 1.69e+01
5.72e+02 1.50e+01
6.14e+02 1.31e+01
6.58e+02 1.13e+01
7.05e+02 9.70e+00
7.56e+02 8.09e+00
8.11e+02 6.78e+00
8.70e+02 5.52e+00
9.33e+02 4.41e+00
1.00e+03 3.49e+00
