1.000000000000000000e+00 2.457107801154826987e+01
1.072267222010323318e+00 2.457339478715283221e+01
1.149756995397735793e+00 2.456738741768835510e+01
1.232846739442066131e+00 2.456267635094867430e+01
1.321941148466029059e+00 2.457172481573747902e+01
1.417474162926805281e+00 2.456060452290063623e+01
1.519911082952933645e+00 2.457203678625026910e+01
1.629750834620644184e+00 2.456795478813616285e+01
1.747528400007683835e+00 2.456037244287474053e+01
1.873817422860383886e+00 2.456548368390079062e+01
2.009233002565047332e+00 2.456890754982940095e+01
2.154434690031883814e+00 2.457008410102183049e+01
2.310129700083159765e+00 2.456777561437149160e+01
2.477076355991710610e+00 2.456889726051583622e+01
2.656087782946686460e+00 2.456684741922572357e+01
2.848035868435801810e+00 2.457566206757057969e+01
3.053855508833415389e+00 2.456572697031017682e+01
3.274549162877728570e+00 2.457245374567536800e+01
3.511191734215131088e+00 2.456892800739850813e+01
3.764935806792468309e+00 2.456553652082636319e+01
4.037017258596554470e+00 2.456971796419161080e+01
4.328761281083058243e+00 2.457072822412099455e+01
4.641588833612779297e+00 2.456673916976177452e+01
4.977023564332111683e+00 2.457400004295281448e+01
5.336699231206309513e+00 2.456811372767878865e+01
5.722367659350217295e+00 2.456648631404559424e+01
6.135907273413172547e+00 2.457287038106013810e+01
6.579332246575680720e+00 2.456923152985371317e+01
7.054802310718643277e+00 2.456303400631799505e+01
7.564633275546288615e+00 2.455953928398381336e+01
8.111308307896871739e+00 2.456677673625537039e+01
8.697490026177835176e+00 2.456622047055525115e+01
9.326033468832198636e+00 2.456511393872475679e+01
1.000000000000000000e+01 2.456345652902212962e+01
1.072267222010323096e+01 2.456111925462273504e+01
1.149756995397735615e+01 2.456702288489248431e+01
1.232846739442065953e+01 2.456357486000475987e+01
1.321941148466029325e+01 2.455393890861461514e+01
1.417474162926805548e+01 2.455919881358731161e+01
1.519911082952933867e+01 2.456030394779684656e+01
1.629750834620644184e+01 2.455003299046527587e+01
1.747528400007684013e+01 2.455473546897921011e+01
1.873817422860383886e+01 2.454934922409550424e+01
2.009233002565046888e+01 2.454424416728414471e+01
2.154434690031884614e+01 2.453435464852186598e+01
2.310129700083160387e+01 2.454208377409716491e+01
2.477076355991711409e+01 2.452920421381287852e+01
2.656087782946686815e+01 2.451980473735515886e+01
2.848035868435801987e+01 2.451490503426303746e+01
3.053855508833415655e+01 2.450648448613524621e+01
3.274549162877728037e+01 2.450054532424574205e+01
3.511191734215130822e+01 2.449646775972630053e+01
3.764935806792467332e+01 2.448032404538239604e+01
4.037017258596555536e+01 2.445964144796672812e+01
4.328761281083059487e+01 2.444961974786551906e+01
4.641588833612780007e+01 2.443166990176923292e+01
4.977023564332111505e+01 2.440373673144060973e+01
5.336699231206309690e+01 2.437855878539159704e+01
5.722367659350216940e+01 2.435298678318338972e+01
6.135907273413172902e+01 2.430741898334333584e+01
6.579332246575683030e+01 2.427130218281043383e+01
7.054802310718645231e+01 2.422037234044451637e+01
7.564633275546290747e+01 2.416610598691843492e+01
8.111308307896872805e+01 2.410806157966153052e+01
8.697490026177834466e+01 2.402970834657787336e+01
9.326033468832198992e+01 2.393467553584890339e+01
1.000000000000000000e+02 2.383321693208457148e+01
1.072267222010323167e+02 2.370462447617931545e+01
1.149756995397735579e+02 2.357313453694969851e+01
1.232846739442065882e+02 2.339202144053790988e+01
1.321941148466028721e+02 2.319456600509448663e+01
1.417474162926804695e+02 2.296878235698599013e+01
1.519911082952933157e+02 2.269910459386306911e+01
1.629750834620645037e+02 2.237735827850304915e+01
1.747528400007684866e+02 2.201499154256665847e+01
1.873817422860385022e+02 2.159839918330768427e+01
2.009233002565048025e+02 2.112473614201556771e+01
2.154434690031884543e+02 2.056281473416889582e+01
2.310129700083160458e+02 1.992505163768507970e+01
2.477076355991711409e+02 1.919942578775685149e+01
2.656087782946686957e+02 1.840112480566231312e+01
2.848035868435802058e+02 1.748360196463917404e+01
3.053855508833415797e+02 1.648325469790756159e+01
3.274549162877728463e+02 1.538915511895166510e+01
3.511191734215130964e+02 1.421105875104385952e+01
3.764935806792467474e+02 1.295144334239276063e+01
4.037017258596553688e+02 1.165014726077480312e+01
4.328761281083056929e+02 1.030685511690155032e+01
4.641588833612781855e+02 8.971686962964074752e+00
4.977023564332113779e+02 7.625116096823740364e+00
5.336699231206312106e+02 6.427616485344556096e+00
5.722367659350220492e+02 5.305163999267096919e+00
6.135907273413175744e+02 4.235648567404211917e+00
6.579332246575681893e+02 3.302445200539328329e+00
7.054802310718645231e+02 2.543803248966444830e+00
7.564633275546290179e+02 1.940885757234589448e+00
8.111308307896872520e+02 1.409806299217606806e+00
8.697490026177833897e+02 9.664051088074349094e-01
9.326033468832199560e+02 6.402616325168735134e-01
1.000000000000000000e+03 4.078948024863781052e-01
