1.000000000000000000e+00 3.460772455872640307e+01
1.072267222010323318e+00 3.461294404125992230e+01
1.149756995397735793e+00 3.460847539882397683e+01
1.232846739442066131e+00 3.462012556191233159e+01
1.321941148466029059e+00 3.462759316150599886e+01
1.417474162926805281e+00 3.461940053823114027e+01
1.519911082952933645e+00 3.461091346583352646e+01
1.629750834620644184e+00 3.461584891246847207e+01
1.747528400007683835e+00 3.461437178575031481e+01
1.873817422860383886e+00 3.462245748999859529e+01
2.009233002565047332e+00 3.461556250402706780e+01
2.154434690031883814e+00 3.461863689095219598e+01
2.310129700083159765e+00 3.461859323041050374e+01
2.477076355991710610e+00 3.460661788249034743e+01
2.656087782946686460e+00 3.462132293893053969e+01
2.848035868435801810e+00 3.462129190542859192e+01
3.053855508833415389e+00 3.461454923866526912e+01
3.274549162877728570e+00 3.461443911140373331e+01
3.511191734215131088e+00 3.461317201298511037e+01
3.764935806792468309e+00 3.462438053769862023e+01
4.037017258596554470e+00 3.461517978397804285e+01
4.328761281083058243e+00 3.460922255378522294e+01
4.641588833612779297e+00 3.461487416042609055e+01
4.977023564332111683e+00 3.461597724882311411e+01
5.336699231206309513e+00 3.462494633603697736e+01
5.722367659350217295e+00 3.461288210168783053e+01
6.135907273413172547e+00 3.462088012457187602e+01
6.579332246575680720e+00 3.461451675154041396e+01
7.054802310718643277e+00 3.461384571122982834e+01
7.564633275546288615e+00 3.461685363152493977e+01
8.111308307896871739e+00 3.461143638799711653e+01
8.697490026177835176e+00 3.461620053312054068e+01
9.326033468832198636e+00 3.462276710197735952e+01
1.000000000000000000e+01 3.460768176890557157e+01
1.072267222010323096e+01 3.460748292151733807e+01
1.149756995397735615e+01 3.461353404835647751e+01
1.232846739442065953e+01 3.460217830288417673e+01
1.321941148466029325e+01 3.461409076744044455e+01
1.417474162926805548e+01 3.461256967295602749e+01
1.519911082952933867e+01 3.460698656094290016e+01
1.629750834620644184e+01 3.461359763833134195e+01
1.747528400007684013e+01 3.461158309060858329e+01
1.873817422860383886e+01 3.460888164593380623e+01
2.009233002565046888e+01 3.461306899783822644e+01
2.154434690031884614e+01 3.459806884363239021e+01
2.310129700083160387e+01 3.459910060426558687e+01
2.477076355991711409e+01 3.460748721262745420e+01
2.656087782946686815e+01 3.459752063155885793e+01
2.848035868435801987e+01 3.459962332097407511e+01
3.053855508833415655e+01 3.458182129228723767e+01
3.274549162877728037e+01 3.457645736431661732e+01
3.511191734215130822e+01 3.458121353312908042e+01
3.764935806792467332e+01 3.457150840295845740e+01
4.037017258596555536e+01 3.456889426214571159e+01
4.328761281083059487e+01 3.456376018217482482e+01
4.641588833612780007e+01 3.454732000523977575e+01
4.977023564332111505e+01 3.453834123374281262e+01
5.336699231206309690e+01 3.452402353533054935e+01
5.722367659350216940e+01 3.450921902944694608e+01
6.135907273413172902e+01 3.449267551880308247e+01
6.579332246575683030e+01 3.446085333791094740e+01
7.054802310718645231e+01 3.443733800968159642e+01
7.564633275546290747e+01 3.440888536103816620e+01
8.111308307896872805e+01 3.437438878640465134e+01
8.697490026177834466e+01 3.433439751595690836e+01
9.326033468832198992e+01 3.427859254750278239e+01
1.000000000000000000e+02 3.421951512365389902e+01
1.072267222010323167e+02 3.415294641996123204e+01
1.149756995397735579e+02 3.406112271520752444e+01
1.232846739442065882e+02 3.396271724962735306e+01
1.321941148466028721e+02 3.384364553586422630e+01
1.417474162926804695e+02 3.369409670676294866e+01
1.519911082952933157e+02 3.352535001025861305e+01
1.629750834620645037e+02 3.331751306530230039e+01
1.747528400007684866e+02 3.307604029104269472e+01
1.873817422860385022e+02 3.277875252497405256e+01
2.009233002565048025e+02 3.242657422671810963e+01
2.154434690031884543e+02 3.203803260929854702e+01
2.310129700083160458e+02 3.154728917394787047e+01
2.477076355991711409e+02 3.099041292868149711e+01
2.656087782946686957e+02 3.035309894315237145e+01
2.848035868435802058e+02 2.960594717325749414e+01
3.053855508833415797e+02 2.875402690684691365e+01
3.274549162877728463e+02 2.778160099205604894e+01
3.511191734215130964e+02 2.670551526069570514e+01
3.764935806792467474e+02 2.548514294104035116e+01
4.037017258596553688e+02 2.416356504433687391e+01
4.328761281083056929e+02 2.272037812187151218e+01
4.641588833612781855e+02 2.117228069073039265e+01
4.977023564332113779e+02 1.952553963314808527e+01
5.336699231206312106e+02 1.779922758360089219e+01
5.722367659350220492e+02 1.605885701644319141e+01
6.135907273413175744e+02 1.428492990040159150e+01
6.579332246575681893e+02 1.254851169868292793e+01
7.054802310718645231e+02 1.085350159931065051e+01
7.564633275546290179e+02 9.233786176960151693e+00
8.111308307896872520e+02 7.730804009386535114e+00
8.697490026177833897e+02 6.357548955799845913e+00
9.326033468832199560e+02 5.084277375556455425e+00
1.000000000000000000e+03 3.977408209264569727e+00
