1.000000000000000000e+00 4.383006498419985064e+01
1.072267222010323318e+00 4.383377223402161604e+01
1.149756995397735793e+00 4.383077743180104591e+01
1.232846739442066131e+00 4.383159219887705405e+01
1.321941148466029059e+00 4.382556275027561554e+01
1.417474162926805281e+00 4.382709618889630576e+01
1.519911082952933645e+00 4.382145550152230129e+01
1.629750834620644184e+00 4.383295117455070766e+01
1.747528400007683835e+00 4.383495273047094543e+01
1.873817422860383886e+00 4.383050058868572307e+01
2.009233002565047332e+00 4.382370515232796038e+01
2.154434690031883814e+00 4.382824354425333979e+01
2.310129700083159765e+00 4.382388822169900067e+01
2.477076355991710610e+00 4.382547834302877021e+01
2.656087782946686460e+00 4.382505270973255307e+01
2.848035868435801810e+00 4.382075485716870134e+01
3.053855508833415389e+00 4.383595792337829522e+01
3.274549162877728570e+00 4.382365652928100985e+01
3.511191734215131088e+00 4.382006559610334762e+01
3.764935806792468309e+00 4.382600997706870771e+01
4.037017258596554470e+00 4.382476022809067473e+01
4.328761281083058243e+00 4.383285429814805667e+01
4.641588833612779297e+00 4.383094199067926411e+01
4.977023564332111683e+00 4.383403353297386928e+01
5.336699231206309513e+00 4.382809195842614258e+01
5.722367659350217295e+00 4.384536356433029880e+01
6.135907273413172547e+00 4.383690367092786744e+01
6.579332246575680720e+00 4.382746695861974473e+01
7.054802310718643277e+00 4.382887711090358351e+01
7.564633275546288615e+00 4.382947412690634081e+01
8.111308307896871739e+00 4.382531944404846058e+01
8.697490026177835176e+00 4.383122245369767001e+01
9.326033468832198636e+00 4.383789951412542507e+01
1.000000000000000000e+01 4.383179806771828169e+01
1.072267222010323096e+01 4.383082298239322228e+01
1.149756995397735615e+01 4.382506283245337642e+01
1.232846739442065953e+01 4.382520942413578524e+01
1.321941148466029325e+01 4.382421005849808893e+01
1.417474162926805548e+01 4.384224716455614868e+01
1.519911082952933867e+01 4.383294234188611682e+01
1.629750834620644184e+01 4.382777051247682465e+01
1.747528400007684013e+01 4.383970525761958470e+01
1.873817422860383886e+01 4.383517989727107533e+01
2.009233002565046888e+01 4.383937850272408809e+01
2.154434690031884614e+01 4.384114639123423274e+01
2.310129700083160387e+01 4.383874793029317374e+01
2.477076355991711409e+01 4.384615510083420276e+01
2.656087782946686815e+01 4.384600017582516784e+01
2.848035868435801987e+01 4.384929361733492215e+01
3.053855508833415655e+01 4.384766308725029660e+01
3.274549162877728037e+01 4.385898879127771721e+01
3.511191734215130822e+01 4.385061432726068631e+01
3.764935806792467332e+01 4.386346184893863409e+01
4.037017258596555536e+01 4.385602625633970320e+01
4.328761281083059487e+01 4.386922257556642535e+01
4.641588833612780007e+01 4.388288687437606228e+01
4.977023564332111505e+01 4.387419752678037810e+01
5.336699231206309690e+01 4.387971049695375569e+01
5.722367659350216940e+01 4.388628524069605419e+01
6.135907273413172902e+01 4.388776628720150796e+01
6.579332246575683030e+01 4.389982894189928686e+01
7.054802310718645231e+01 4.389959984426025841e+01
7.564633275546290747e+01 4.389244224447602249e+01
8.111308307896872805e+01 4.389606289670535944e+01
8.697490026177834466e+01 4.389768796585070731e+01
9.326033468832198992e+01 4.389794523301753770e+01
1.000000000000000000e+02 4.386453469208765910e+01
1.072267222010323167e+02 4.385462563224926669e+01
1.149756995397735579e+02 4.382260489446224483e+01
1.232846739442065882e+02 4.377073697012230724e+01
1.321941148466028721e+02 4.369586974796368395e+01
1.417474162926804695e+02 4.361389450888179198e+01
1.519911082952933157e+02 4.349905556915162208e+01
1.629750834620645037e+02 4.333093554752486654e+01
1.747528400007684866e+02 4.313367533157615696e+01
1.873817422860385022e+02 4.286809437778145337e+01
2.009233002565048025e+02 4.255668672099696437e+01
2.154434690031884543e+02 4.216165589519967938e+01
2.310129700083160458e+02 4.166770623082876313e+01
2.477076355991711409e+02 4.108281961282452954e+01
2.656087782946686957e+02 4.034576775843907370e+01
2.848035868435802058e+02 3.948117872395422978e+01
3.053855508833415797e+02 3.848183569083875710e+01
3.274549162877728463e+02 3.733058898904192091e+01
3.511191734215130964e+02 3.597941887942271677e+01
3.764935806792467474e+02 3.447647642676128044e+01
4.037017258596553688e+02 3.277333051524225027e+01
4.328761281083056929e+02 3.090145444314554979e+01
4.641588833612781855e+02 2.886462915415704700e+01
4.977023564332113779e+02 2.668930242043287038e+01
5.336699231206312106e+02 2.441778893161066577e+01
5.722367659350220492e+02 2.208018205635434583e+01
6.135907273413175744e+02 1.969551718424249032e+01
6.579332246575681893e+02 1.730528093560643654e+01
7.054802310718645231e+02 1.501223392602942752e+01
7.564633275546290179e+02 1.275546397786207109e+01
8.111308307896872520e+02 1.068242286558914955e+01
8.697490026177833897e+02 8.838464822897559969e+00
9.326033468832199560e+02 7.115821048857269737e+00
1.000000000000000000e+03 5.561228583855318597e+00
