# Free-streaming bound for operator=P, sim_name=SFHo-18.80, lepton=e
# Duration:	2024-07-21 23:26:16 -> 2024-07-21 23:30:52 (4.60min)
# Parameters:	sim_range=[0, 80], vegas_kwargs={'nitn': 10, 'neval': 1000, 'alpha': 0.5}
# m_chi [MeV] / Lambda [TeV]
1.00e+00 3.19e+01
1.07e+00 3.19e+01
1.15e+00 3.19e+01
1.23e+00 3.19e+01
1.32e+00 3.19e+01
1.42e+00 3.19e+01
1.52e+00 3.19e+01
1.63e+00 3.19e+01
1.75e+00 3.19e+01
1.87e+00 3.19e+01
2.01e+00 3.19e+01
2.15e+00 3.19e+01
2.31e+00 3.19e+01
2.48e+00 3.19e+01
2.66e+00 3.19e+01
2.85e+00 3.19e+01
3.05e+00 3.19e+01
3.27e+00 3.19e+01
3.51e+00 3.19e+01
3.76e+00 3.19e+01
4.04e+00 3.19e+01
4.33e+00 3.19e+01
4.64e+00 3.19e+01
4.98e+00 3.19e+01
5.34e+00 3.19e+01
5.72e+00 3.19e+01
6.14e+00 3.19e+01
6.58e+00 3.19e+01
7.05e+00 3.19e+01
7.56e+00 3.19e+01
8.11e+00 3.19e+01
8.70e+00 3.19e+01
9.33e+00 3.19e+01
1.00e+01 3.19e+01
1.07e+01 3.19e+01
1.15e+01 3.19e+01
1.23e+01 3.19e+01
1.32e+01 3.19e+01
1.42e+01 3.19e+01
1.52e+01 3.19e+01
1.63e+01 3.19e+01
1.75e+01 3.19e+01
1.87e+01 3.19e+01
2.01e+01 3.19e+01
2.15e+01 3.19e+01
2.31e+01 3.19e+01
2.48e+01 3.19e+01
2.66e+01 3.19e+01
2.85e+01 3.18e+01
3.05e+01 3.18e+01
3.27e+01 3.18e+01
3.51e+01 3.18e+01
3.76e+01 3.18e+01
4.04e+01 3.18e+01
4.33e+01 3.18e+01
4.64e+01 3.17e+01
4.98e+01 3.17e+01
5.34e+01 3.17e+01
5.72e+01 3.16e+01
6.14e+01 3.16e+01
6.58e+01 3.15e+01
7.05e+01 3.15e+01
7.56e+01 3.14e+01
8.11e+01 3.13e+01
8.70e+01 3.13e+01
9.33e+01 3.11e+01
1.00e+02 3.10e+01
1.07e+02 3.09e+01
1.15e+02 3.07e+01
1.23e+02 3.05e+01
1.32e+02 3.03e+01
1.42e+02 3.00e+01
1.52e+02 2.97e+01
1.63e+02 2.93e+01
1.75e+02 2.88e+01
1.87e+02 2.83e+01
2.01e+02 2.77e+01
2.15e+02 2.70e+01
2.31e+02 2.62e+01
2.48e+02 2.53e+01
2.66e+02 2.42e+01
2.85e+02 2.30e+01
3.05e+02 2.16e+01
3.27e+02 2.01e+01
3.51e+02 1.85e+01
3.76e+02 1.66e+01
4.04e+02 1.48e+01
4.33e+02 1.28e+01
4.64e+02 1.09e+01
4.98e+02 9.07e+00
5.34e+02 7.42e+00
5.72e+02 5.99e+00
6.14e+02 4.71e+00
6.58e+02 3.69e+00
7.05e+02 2.78e+00
7.56e+02 2.10e+00
8.11e+02 1.49e+00
8.70e+02 1.11e+00
9.33e+02 6.54e-01
1.00e+03 4.97e-01
