1.000000000000000000e+00 2.670918781231960537e+01
1.072267222010323318e+00 2.670487651245570149e+01
1.149756995397735793e+00 2.671907512478003355e+01
1.232846739442066131e+00 2.671756116746854559e+01
1.321941148466029059e+00 2.671599279465001686e+01
1.417474162926805281e+00 2.670815418214142056e+01
1.519911082952933645e+00 2.671149703703440892e+01
1.629750834620644184e+00 2.671595280853243182e+01
1.747528400007683835e+00 2.671263323505099407e+01
1.873817422860383886e+00 2.671304453595352868e+01
2.009233002565047332e+00 2.671119248823610803e+01
2.154434690031883814e+00 2.671534699739438778e+01
2.310129700083159765e+00 2.671550252046827723e+01
2.477076355991710610e+00 2.671819079575945111e+01
2.656087782946686460e+00 2.671608573346670212e+01
2.848035868435801810e+00 2.671604295223906433e+01
3.053855508833415389e+00 2.671479292413630446e+01
3.274549162877728570e+00 2.671040668750755742e+01
3.511191734215131088e+00 2.670880893850616289e+01
3.764935806792468309e+00 2.670828272528107661e+01
4.037017258596554470e+00 2.670954492627291543e+01
4.328761281083058243e+00 2.671765939127284284e+01
4.641588833612779297e+00 2.671398974576921503e+01
4.977023564332111683e+00 2.671047695830409552e+01
5.336699231206309513e+00 2.671872869501549630e+01
5.722367659350217295e+00 2.670607265053082813e+01
6.135907273413172547e+00 2.671290016870722539e+01
6.579332246575680720e+00 2.670931135458643979e+01
7.054802310718643277e+00 2.671370509528515669e+01
7.564633275546288615e+00 2.670749721683315414e+01
8.111308307896871739e+00 2.671411858928290783e+01
8.697490026177835176e+00 2.670776100173626944e+01
9.326033468832198636e+00 2.671576254530404881e+01
1.000000000000000000e+01 2.671482401114797156e+01
1.072267222010323096e+01 2.671119880312430439e+01
1.149756995397735615e+01 2.671130059338673490e+01
1.232846739442065953e+01 2.671114013248928742e+01
1.321941148466029325e+01 2.670886393636741829e+01
1.417474162926805548e+01 2.670316910695040136e+01
1.519911082952933867e+01 2.670909844809558820e+01
1.629750834620644184e+01 2.671415915311494871e+01
1.747528400007684013e+01 2.670656940134849222e+01
1.873817422860383886e+01 2.669846119349629276e+01
2.009233002565046888e+01 2.670074183043631777e+01
2.154434690031884614e+01 2.669786126125025660e+01
2.310129700083160387e+01 2.669736317961967842e+01
2.477076355991711409e+01 2.669291872283437783e+01
2.656087782946686815e+01 2.668714716537008158e+01
2.848035868435801987e+01 2.667575570727279910e+01
3.053855508833415655e+01 2.668233909938490100e+01
3.274549162877728037e+01 2.667652290976528917e+01
3.511191734215130822e+01 2.666773987607635021e+01
3.764935806792467332e+01 2.665843578059121555e+01
4.037017258596555536e+01 2.664737928567243230e+01
4.328761281083059487e+01 2.663872206793166697e+01
4.641588833612780007e+01 2.662455323905004079e+01
4.977023564332111505e+01 2.661474617658248221e+01
5.336699231206309690e+01 2.659543403815581897e+01
5.722367659350216940e+01 2.656672712221915589e+01
6.135907273413172902e+01 2.654952958202484581e+01
6.579332246575683030e+01 2.652403510759341998e+01
7.054802310718645231e+01 2.648776607975704067e+01
7.564633275546290747e+01 2.644801729086885089e+01
8.111308307896872805e+01 2.639517888034749049e+01
8.697490026177834466e+01 2.633920591993880223e+01
9.326033468832198992e+01 2.626055999152676890e+01
1.000000000000000000e+02 2.617826927815382021e+01
1.072267222010323167e+02 2.608319500753357190e+01
1.149756995397735579e+02 2.596044453944985619e+01
1.232846739442065882e+02 2.581508571826034881e+01
1.321941148466028721e+02 2.564188018140492531e+01
1.417474162926804695e+02 2.542913654589504802e+01
1.519911082952933157e+02 2.518834049247309181e+01
1.629750834620645037e+02 2.488669923149319629e+01
1.747528400007684866e+02 2.454176542862762034e+01
1.873817422860385022e+02 2.413150003668539156e+01
2.009233002565048025e+02 2.364414236936654490e+01
2.154434690031884543e+02 2.307987799238032878e+01
2.310129700083160458e+02 2.243680793661562944e+01
2.477076355991711409e+02 2.168172667276759569e+01
2.656087782946686957e+02 2.082634080488380235e+01
2.848035868435802058e+02 1.985191023377821296e+01
3.053855508833415797e+02 1.876580386956232616e+01
3.274549162877728463e+02 1.756816649461982394e+01
3.511191734215130964e+02 1.626064513281312429e+01
3.764935806792467474e+02 1.486900055274487364e+01
4.037017258596553688e+02 1.338615951636012014e+01
4.328761281083056929e+02 1.188233373479171284e+01
4.641588833612781855e+02 1.036559256620184399e+01
4.977023564332113779e+02 8.879690938565428127e+00
5.336699231206312106e+02 7.470544750335954554e+00
5.722367659350220492e+02 6.152274578977015018e+00
6.135907273413175744e+02 4.854231701243775454e+00
6.579332246575681893e+02 3.940083148236128263e+00
7.054802310718645231e+02 2.914806995706077153e+00
7.564633275546290179e+02 2.237977261268442764e+00
8.111308307896872520e+02 1.630898040650707870e+00
8.697490026177833897e+02 1.160332931537942480e+00
9.326033468832199560e+02 8.168736343726940019e-01
1.000000000000000000e+03 5.419527306978576542e-01
