# Free-streaming bound for operator=P, sim_name=SFHo-20.0, lepton=e
# Duration:	2024-07-21 23:37:03 -> 2024-07-21 23:43:51 (6.80min)
# Parameters:	sim_range=[0, 80], vegas_kwargs={'nitn': 10, 'neval': 1000, 'alpha': 0.5}
# m_chi [MeV] / Lambda [TeV]
1.00e+00 4.01e+01
1.07e+00 4.01e+01
1.15e+00 4.01e+01
1.23e+00 4.01e+01
1.32e+00 4.01e+01
1.42e+00 4.01e+01
1.52e+00 4.01e+01
1.63e+00 4.01e+01
1.75e+00 4.01e+01
1.87e+00 4.01e+01
2.01e+00 4.01e+01
2.15e+00 4.01e+01
2.31e+00 4.01e+01
2.48e+00 4.01e+01
2.66e+00 4.01e+01
2.85e+00 4.01e+01
3.05e+00 4.01e+01
3.27e+00 4.01e+01
3.51e+00 4.01e+01
3.76e+00 4.01e+01
4.04e+00 4.01e+01
4.33e+00 4.01e+01
4.64e+00 4.01e+01
4.98e+00 4.01e+01
5.34e+00 4.01e+01
5.72e+00 4.01e+01
6.14e+00 4.01e+01
6.58e+00 4.01e+01
7.05e+00 4.01e+01
7.56e+00 4.01e+01
8.11e+00 4.01e+01
8.70e+00 4.01e+01
9.33e+00 4.01e+01
1.00e+01 4.01e+01
1.07e+01 4.01e+01
1.15e+01 4.01e+01
1.23e+01 4.01e+01
1.32e+01 4.01e+01
1.42e+01 4.01e+01
1.52e+01 4.01e+01
1.63e+01 4.01e+01
1.75e+01 4.01e+01
1.87e+01 4.01e+01
2.01e+01 4.01e+01
2.15e+01 4.01e+01
2.31e+01 4.01e+01
2.48e+01 4.01e+01
2.66e+01 4.01e+01
2.85e+01 4.01e+01
3.05e+01 4.01e+01
3.27e+01 4.01e+01
3.51e+01 4.01e+01
3.76e+01 4.00e+01
4.04e+01 4.00e+01
4.33e+01 4.00e+01
4.64e+01 4.00e+01
4.98e+01 4.00e+01
5.34e+01 4.00e+01
5.72e+01 3.99e+01
6.14e+01 3.99e+01
6.58e+01 3.99e+01
7.05e+01 3.98e+01
7.56e+01 3.98e+01
8.11e+01 3.97e+01
8.70e+01 3.96e+01
9.33e+01 3.95e+01
1.00e+02 3.95e+01
1.07e+02 3.93e+01
1.15e+02 3.92e+01
1.23e+02 3.90e+01
1.32e+02 3.89e+01
1.42e+02 3.87e+01
1.52e+02 3.84e+01
1.63e+02 3.81e+01
1.75e+02 3.78e+01
1.87e+02 3.74e+01
2.01e+02 3.69e+01
2.15e+02 3.64e+01
2.31e+02 3.57e+01
2.48e+02 3.50e+01
2.66e+02 3.41e+01
2.85e+02 3.32e+01
3.05e+02 3.21e+01
3.27e+02 3.08e+01
3.51e+02 2.94e+01
3.76e+02 2.79e+01
4.04e+02 2.61e+01
4.33e+02 2.43e+01
4.64e+02 2.23e+01
4.98e+02 2.03e+01
5.34e+02 1.82e+01
5.72e+02 1.61e+01
6.14e+02 1.41e+01
6.58e+02 1.22e+01
7.05e+02 1.04e+01
7.56e+02 8.80e+00
8.11e+02 7.30e+00
8.70e+02 5.96e+00
9.33e+02 4.77e+00
1.00e+03 3.75e+00
