1.000000000000000000e+00 3.283981997959675425e+01
1.072267222010323318e+00 3.283811727345141662e+01
1.149756995397735793e+00 3.284462649465837814e+01
1.232846739442066131e+00 3.283786326111680864e+01
1.321941148466029059e+00 3.285316915290933792e+01
1.417474162926805281e+00 3.284618084942201932e+01
1.519911082952933645e+00 3.284874387135313611e+01
1.629750834620644184e+00 3.285041101418374865e+01
1.747528400007683835e+00 3.284853765975569928e+01
1.873817422860383886e+00 3.285025498223421891e+01
2.009233002565047332e+00 3.284664758424192144e+01
2.154434690031883814e+00 3.284636093737366735e+01
2.310129700083159765e+00 3.285432652769771522e+01
2.477076355991710610e+00 3.284567199514112446e+01
2.656087782946686460e+00 3.284517742291536280e+01
2.848035868435801810e+00 3.285041646323592346e+01
3.053855508833415389e+00 3.284229685788989173e+01
3.274549162877728570e+00 3.284785082406357759e+01
3.511191734215131088e+00 3.284477767681355687e+01
3.764935806792468309e+00 3.284763211812505546e+01
4.037017258596554470e+00 3.284403267074553412e+01
4.328761281083058243e+00 3.284733814243479344e+01
4.641588833612779297e+00 3.285403994388289561e+01
4.977023564332111683e+00 3.285635687077666489e+01
5.336699231206309513e+00 3.285003379929113976e+01
5.722367659350217295e+00 3.285034325221860740e+01
6.135907273413172547e+00 3.284467984615226044e+01
6.579332246575680720e+00 3.286290451009147517e+01
7.054802310718643277e+00 3.284696310043008083e+01
7.564633275546288615e+00 3.284921575077728306e+01
8.111308307896871739e+00 3.285342073659357709e+01
8.697490026177835176e+00 3.285324148493558738e+01
9.326033468832198636e+00 3.285459569918183576e+01
1.000000000000000000e+01 3.285344233094043176e+01
1.072267222010323096e+01 3.285028587333535199e+01
1.149756995397735615e+01 3.284940222853799696e+01
1.232846739442065953e+01 3.284845828623462438e+01
1.321941148466029325e+01 3.285897433216426577e+01
1.417474162926805548e+01 3.286033033492493161e+01
1.519911082952933867e+01 3.285546599428626990e+01
1.629750834620644184e+01 3.286977337716239589e+01
1.747528400007684013e+01 3.286445447274184062e+01
1.873817422860383886e+01 3.286412819067193425e+01
2.009233002565046888e+01 3.285467043643230767e+01
2.154434690031884614e+01 3.287956114203441871e+01
2.310129700083160387e+01 3.288954394031244277e+01
2.477076355991711409e+01 3.287108326496050381e+01
2.656087782946686815e+01 3.288757887037648686e+01
2.848035868435801987e+01 3.288036867637934080e+01
3.053855508833415655e+01 3.288514851257998117e+01
3.274549162877728037e+01 3.289978092315836733e+01
3.511191734215130822e+01 3.291010738707922201e+01
3.764935806792467332e+01 3.291425441948323538e+01
4.037017258596555536e+01 3.291229626660707197e+01
4.328761281083059487e+01 3.293232561455436525e+01
4.641588833612780007e+01 3.294135409775069689e+01
4.977023564332111505e+01 3.295212286640682464e+01
5.336699231206309690e+01 3.297087383405751382e+01
5.722367659350216940e+01 3.297510614115532235e+01
6.135907273413172902e+01 3.298089115772792468e+01
6.579332246575683030e+01 3.298909813431016147e+01
7.054802310718645231e+01 3.300381946135476596e+01
7.564633275546290747e+01 3.300983961849497206e+01
8.111308307896872805e+01 3.301122981124033373e+01
8.697490026177834466e+01 3.301387610345783230e+01
9.326033468832198992e+01 3.299616067249748852e+01
1.000000000000000000e+02 3.298009056156674035e+01
1.072267222010323167e+02 3.294912043327319395e+01
1.149756995397735579e+02 3.288844783742246847e+01
1.232846739442065882e+02 3.280963269978612828e+01
1.321941148466028721e+02 3.270990670316542293e+01
1.417474162926804695e+02 3.255977609854870281e+01
1.519911082952933157e+02 3.236128712767234816e+01
1.629750834620645037e+02 3.210986056519265475e+01
1.747528400007684866e+02 3.179528095496668172e+01
1.873817422860385022e+02 3.139933891667514132e+01
2.009233002565048025e+02 3.090221130593773680e+01
2.154434690031884543e+02 3.030415160237058814e+01
2.310129700083160458e+02 2.958169281447572985e+01
2.477076355991711409e+02 2.872317547497616630e+01
2.656087782946686957e+02 2.769855467406685179e+01
2.848035868435802058e+02 2.652352394700234939e+01
3.053855508833415797e+02 2.517682157755371364e+01
3.274549162877728463e+02 2.366336387965522192e+01
3.511191734215130964e+02 2.199526032203283776e+01
3.764935806792467474e+02 2.016433577744076189e+01
4.037017258596553688e+02 1.823043157825395966e+01
4.328761281083056929e+02 1.622875120501543833e+01
4.641588833612781855e+02 1.417472281651996902e+01
4.977023564332113779e+02 1.219575700871870261e+01
5.336699231206312106e+02 1.025253166716133002e+01
5.722367659350220492e+02 8.461677272161997720e+00
6.135907273413175744e+02 6.832292360035214784e+00
6.579332246575681893e+02 5.322211159554288251e+00
7.054802310718645231e+02 4.171350116654966911e+00
7.564633275546290179e+02 3.066506947251198767e+00
8.111308307896872520e+02 2.238931377888015994e+00
8.697490026177833897e+02 1.543513765631909340e+00
9.326033468832199560e+02 1.076584992614596281e+00
1.000000000000000000e+03 7.402032979645034594e-01
