# Free-streaming bound for operator=S, sim_name=SFHo-20.0, lepton=mu
# Duration:	2024-07-21 23:46:52 -> 2024-07-21 23:54:00 (7.13min)
# Parameters:	sim_range=[0, 80], vegas_kwargs={'nitn': 10, 'neval': 1000, 'alpha': 0.5}
# m_chi [MeV] / Lambda [TeV]
1.00e+00 1.89e+01
1.07e+00 1.89e+01
1.15e+00 1.89e+01
1.23e+00 1.89e+01
1.32e+00 1.89e+01
1.42e+00 1.89e+01
1.52e+00 1.89e+01
1.63e+00 1.89e+01
1.75e+00 1.89e+01
1.87e+00 1.89e+01
2.01e+00 1.89e+01
2.15e+00 1.89e+01
2.31e+00 1.89e+01
2.48e+00 1.89e+01
2.66e+00 1.89e+01
2.85e+00 1.89e+01
3.05e+00 1.89e+01
3.27e+00 1.89e+01
3.51e+00 1.89e+01
3.76e+00 1.89e+01
4.04e+00 1.89e+01
4.33e+00 1.89e+01
4.64e+00 1.89e+01
4.98e+00 1.89e+01
5.34e+00 1.89e+01
5.72e+00 1.89e+01
6.14e+00 1.89e+01
6.58e+00 1.89e+01
7.05e+00 1.89e+01
7.56e+00 1.89e+01
8.11e+00 1.89e+01
8.70e+00 1.89e+01
9.33e+00 1.89e+01
1.00e+01 1.89e+01
1.07e+01 1.89e+01
1.15e+01 1.89e+01
1.23e+01 1.89e+01
1.32e+01 1.89e+01
1.42e+01 1.89e+01
1.52e+01 1.89e+01
1.63e+01 1.89e+01
1.75e+01 1.89e+01
1.87e+01 1.89e+01
2.01e+01 1.89e+01
2.15e+01 1.89e+01
2.31e+01 1.89e+01
2.48e+01 1.89e+01
2.66e+01 1.89e+01
2.85e+01 1.89e+01
3.05e+01 1.89e+01
3.27e+01 1.89e+01
3.51e+01 1.89e+01
3.76e+01 1.89e+01
4.04e+01 1.88e+01
4.33e+01 1.88e+01
4.64e+01 1.88e+01
4.98e+01 1.88e+01
5.34e+01 1.88e+01
5.72e+01 1.88e+01
6.14e+01 1.88e+01
6.58e+01 1.88e+01
7.05e+01 1.88e+01
7.56e+01 1.87e+01
8.11e+01 1.87e+01
8.70e+01 1.87e+01
9.33e+01 1.87e+01
1.00e+02 1.86e+01
1.07e+02 1.86e+01
1.15e+02 1.85e+01
1.23e+02 1.84e+01
1.32e+02 1.84e+01
1.42e+02 1.83e+01
1.52e+02 1.82e+01
1.63e+02 1.80e+01
1.75e+02 1.79e+01
1.87e+02 1.77e+01
2.01e+02 1.75e+01
2.15e+02 1.72e+01
2.31e+02 1.69e+01
2.48e+02 1.66e+01
2.66e+02 1.61e+01
2.85e+02 1.57e+01
3.05e+02 1.51e+01
3.27e+02 1.45e+01
3.51e+02 1.39e+01
3.76e+02 1.32e+01
4.04e+02 1.24e+01
4.33e+02 1.16e+01
4.64e+02 1.07e+01
4.98e+02 9.83e+00
5.34e+02 8.93e+00
5.72e+02 8.02e+00
6.14e+02 7.12e+00
6.58e+02 6.24e+00
7.05e+02 5.39e+00
7.56e+02 4.59e+00
8.11e+02 3.85e+00
8.70e+02 3.18e+00
9.33e+02 2.58e+00
1.00e+03 2.05e+00
