1.000000000000000000e+00 1.574324803613261281e+01
1.072267222010323318e+00 1.574229890615605143e+01
1.149756995397735793e+00 1.574397393284870716e+01
1.232846739442066131e+00 1.574451204774979018e+01
1.321941148466029059e+00 1.574359765974035064e+01
1.417474162926805281e+00 1.574100056563895045e+01
1.519911082952933645e+00 1.574318409273734432e+01
1.629750834620644184e+00 1.574092560477464531e+01
1.747528400007683835e+00 1.574330813016149300e+01
1.873817422860383886e+00 1.574018321470578563e+01
2.009233002565047332e+00 1.574116158008694732e+01
2.154434690031883814e+00 1.574210787288311764e+01
2.310129700083159765e+00 1.574447546807760645e+01
2.477076355991710610e+00 1.574285002649757281e+01
2.656087782946686460e+00 1.574398523657552218e+01
2.848035868435801810e+00 1.574279378648029493e+01
3.053855508833415389e+00 1.574345013068772658e+01
3.274549162877728570e+00 1.574229267720526160e+01
3.511191734215131088e+00 1.574271424518641282e+01
3.764935806792468309e+00 1.574097788042417889e+01
4.037017258596554470e+00 1.574310452820158446e+01
4.328761281083058243e+00 1.574181455420714393e+01
4.641588833612779297e+00 1.574160290083616509e+01
4.977023564332111683e+00 1.574214696231798705e+01
5.336699231206309513e+00 1.574180425762661351e+01
5.722367659350217295e+00 1.574297044584187155e+01
6.135907273413172547e+00 1.574625043331235474e+01
6.579332246575680720e+00 1.574377058288258979e+01
7.054802310718643277e+00 1.574488054247009927e+01
7.564633275546288615e+00 1.574454769121290809e+01
8.111308307896871739e+00 1.574347079578117281e+01
8.697490026177835176e+00 1.574499121043939809e+01
9.326033468832198636e+00 1.574382922599736645e+01
1.000000000000000000e+01 1.574527678878719961e+01
1.072267222010323096e+01 1.574782965905569831e+01
1.149756995397735615e+01 1.574421281284910812e+01
1.232846739442065953e+01 1.574486477599536371e+01
1.321941148466029325e+01 1.574642653367665979e+01
1.417474162926805548e+01 1.574519154004554977e+01
1.519911082952933867e+01 1.574586530580963739e+01
1.629750834620644184e+01 1.574843217126919903e+01
1.747528400007684013e+01 1.574791824081226288e+01
1.873817422860383886e+01 1.575040391444903243e+01
2.009233002565046888e+01 1.575174567707777307e+01
2.154434690031884614e+01 1.575117341290716411e+01
2.310129700083160387e+01 1.575114893550411921e+01
2.477076355991711409e+01 1.575267514389163814e+01
2.656087782946686815e+01 1.575562091612464855e+01
2.848035868435801987e+01 1.575673885444412292e+01
3.053855508833415655e+01 1.575809641158540764e+01
3.274549162877728037e+01 1.575993757271805862e+01
3.511191734215130822e+01 1.576351437182512605e+01
3.764935806792467332e+01 1.576599303380332628e+01
4.037017258596555536e+01 1.576605985641525542e+01
4.328761281083059487e+01 1.577096134214245815e+01
4.641588833612780007e+01 1.577474749344718319e+01
4.977023564332111505e+01 1.577886473600388406e+01
5.336699231206309690e+01 1.578350104501779150e+01
5.722367659350216940e+01 1.578419358669453310e+01
6.135907273413172902e+01 1.578975234075802270e+01
6.579332246575683030e+01 1.579431885448633999e+01
7.054802310718645231e+01 1.579466192285815396e+01
7.564633275546290747e+01 1.579879237281650894e+01
8.111308307896872805e+01 1.579510451968614859e+01
8.697490026177834466e+01 1.579494528669739850e+01
9.326033468832198992e+01 1.578885149287918033e+01
1.000000000000000000e+02 1.577352291616401558e+01
1.072267222010323167e+02 1.575721780366966840e+01
1.149756995397735579e+02 1.572985042335330519e+01
1.232846739442065882e+02 1.569005575171250122e+01
1.321941148466028721e+02 1.563160270663694540e+01
1.417474162926804695e+02 1.554930858517984937e+01
1.519911082952933157e+02 1.543848025428434845e+01
1.629750834620645037e+02 1.528539838365046677e+01
1.747528400007684866e+02 1.508050109881088652e+01
1.873817422860385022e+02 1.480696813287745783e+01
2.009233002565048025e+02 1.444545175625801825e+01
2.154434690031884543e+02 1.399646048681736410e+01
2.310129700083160458e+02 1.346254884443057698e+01
2.477076355991711409e+02 1.285731360048504790e+01
2.656087782946686957e+02 1.218476557248718173e+01
2.848035868435802058e+02 1.144699533600097929e+01
3.053855508833415797e+02 1.066206655096136302e+01
3.274549162877728463e+02 9.831802587817692896e+00
3.511191734215130964e+02 8.977334961259913371e+00
3.764935806792467474e+02 8.110795241770812680e+00
4.037017258596553688e+02 7.240878520324290690e+00
4.328761281083056929e+02 6.378920493508251965e+00
4.641588833612781855e+02 5.547908017130023239e+00
4.977023564332113779e+02 4.756797360923384232e+00
5.336699231206312106e+02 4.017084153754857390e+00
5.722367659350220492e+02 3.335391195857332569e+00
6.135907273413175744e+02 2.721732944687048850e+00
6.579332246575681893e+02 2.180065830935086435e+00
7.054802310718645231e+02 1.710319390230323533e+00
7.564633275546290179e+02 1.313608994963768151e+00
8.111308307896872520e+02 9.861878486128874410e-01
8.697490026177833897e+02 7.209582755280954380e-01
9.326033468832199560e+02 5.147337243218532699e-01
1.000000000000000000e+03 3.532182860423254689e-01
