1.000000000000000000e+00 1.259493095346428149e+01
1.072267222010323318e+00 1.259399447513538384e+01
1.149756995397735793e+00 1.259229563124894113e+01
1.232846739442066131e+00 1.259376369308402843e+01
1.321941148466029059e+00 1.259263910745827175e+01
1.417474162926805281e+00 1.259494678130301892e+01
1.519911082952933645e+00 1.259379982040730184e+01
1.629750834620644184e+00 1.259354158167909965e+01
1.747528400007683835e+00 1.259279724757912966e+01
1.873817422860383886e+00 1.259308409520695982e+01
2.009233002565047332e+00 1.259400515292509226e+01
2.154434690031883814e+00 1.259263244346390742e+01
2.310129700083159765e+00 1.259434306789667524e+01
2.477076355991710610e+00 1.259370054508411130e+01
2.656087782946686460e+00 1.259308581746401323e+01
2.848035868435801810e+00 1.259311057369882114e+01
3.053855508833415389e+00 1.259691508792256620e+01
3.274549162877728570e+00 1.259442095999610878e+01
3.511191734215131088e+00 1.259662215485871606e+01
3.764935806792468309e+00 1.259444661165991342e+01
4.037017258596554470e+00 1.259113369151717343e+01
4.328761281083058243e+00 1.259418433875012688e+01
4.641588833612779297e+00 1.259214567428290366e+01
4.977023564332111683e+00 1.259441102823435088e+01
5.336699231206309513e+00 1.259157507141554078e+01
5.722367659350217295e+00 1.259398005476398907e+01
6.135907273413172547e+00 1.259199022310308536e+01
6.579332246575680720e+00 1.259257725949356121e+01
7.054802310718643277e+00 1.259333167660004982e+01
7.564633275546288615e+00 1.259269478663165032e+01
8.111308307896871739e+00 1.259184636937694712e+01
8.697490026177835176e+00 1.259289803681432218e+01
9.326033468832198636e+00 1.259295450375750569e+01
1.000000000000000000e+01 1.259244541495739433e+01
1.072267222010323096e+01 1.259147389792681260e+01
1.149756995397735615e+01 1.259070069296897820e+01
1.232846739442065953e+01 1.259236696310289716e+01
1.321941148466029325e+01 1.258924631178895659e+01
1.417474162926805548e+01 1.258947892097243937e+01
1.519911082952933867e+01 1.259055978814263810e+01
1.629750834620644184e+01 1.258885765640828147e+01
1.747528400007684013e+01 1.258753364999837032e+01
1.873817422860383886e+01 1.258627967839237094e+01
2.009233002565046888e+01 1.258582717870091372e+01
2.154434690031884614e+01 1.258435300090818387e+01
2.310129700083160387e+01 1.258389992663264678e+01
2.477076355991711409e+01 1.258298236550585614e+01
2.656087782946686815e+01 1.258287617325377639e+01
2.848035868435801987e+01 1.257820885303705438e+01
3.053855508833415655e+01 1.257632366338000196e+01
3.274549162877728037e+01 1.257387814757158218e+01
3.511191734215130822e+01 1.257104389532309696e+01
3.764935806792467332e+01 1.256766236647070478e+01
4.037017258596555536e+01 1.256254111041358179e+01
4.328761281083059487e+01 1.255684358777005905e+01
4.641588833612780007e+01 1.255348867986203487e+01
4.977023564332111505e+01 1.254709947097141765e+01
5.336699231206309690e+01 1.253957716511966503e+01
5.722367659350216940e+01 1.252800947484911909e+01
6.135907273413172902e+01 1.251812665278824532e+01
6.579332246575683030e+01 1.250693527697520224e+01
7.054802310718645231e+01 1.248986872621773792e+01
7.564633275546290747e+01 1.247368410668173411e+01
8.111308307896872805e+01 1.245117577277422960e+01
8.697490026177834466e+01 1.242565433046147838e+01
9.326033468832198992e+01 1.239229598564426027e+01
1.000000000000000000e+02 1.235415660607930199e+01
1.072267222010323167e+02 1.230401562329091192e+01
1.149756995397735579e+02 1.224768687443707016e+01
1.232846739442065882e+02 1.217802639612722260e+01
1.321941148466028721e+02 1.208945291102591035e+01
1.417474162926804695e+02 1.197953138360950121e+01
1.519911082952933157e+02 1.184623266200473424e+01
1.629750834620645037e+02 1.167681394857143928e+01
1.747528400007684866e+02 1.146860544884231636e+01
1.873817422860385022e+02 1.120936919353103889e+01
2.009233002565048025e+02 1.089327031196092399e+01
2.154434690031884543e+02 1.051310287103295771e+01
2.310129700083160458e+02 1.007743157965281355e+01
2.477076355991711409e+02 9.587736106506682177e+00
2.656087782946686957e+02 9.059013377031828185e+00
2.848035868435802058e+02 8.483015423636043550e+00
3.053855508833415797e+02 7.880273600444372306e+00
3.274549162877728463e+02 7.251812666686984876e+00
3.511191734215130964e+02 6.603247876658645765e+00
3.764935806792467474e+02 5.949291483779917122e+00
4.037017258596553688e+02 5.299135598887851017e+00
4.328761281083056929e+02 4.662000536258230632e+00
4.641588833612781855e+02 4.045982978537390196e+00
4.977023564332113779e+02 3.464574343361839670e+00
5.336699231206312106e+02 2.919438276640960783e+00
5.722367659350220492e+02 2.420999638006224863e+00
6.135907273413175744e+02 1.974044924053363959e+00
6.579332246575681893e+02 1.579490156203909201e+00
7.054802310718645231e+02 1.238876212407806765e+00
7.564633275546290179e+02 9.510420573779873044e-01
8.111308307896872520e+02 7.129316114091526213e-01
8.697490026177833897e+02 5.220318266382274475e-01
9.326033468832199560e+02 3.711310250757882123e-01
1.000000000000000000e+03 2.547823796390318307e-01
