# Free-streaming bound for operator=S, sim_name=SFHo-18.80, lepton=mu
# Duration:	2024-08-09 17:14:02 -> 2024-08-09 17:18:24 (4.36min)
# Parameters:	sim_range=[0, 80], vegas_kwargs={'nitn': 10, 'neval': 1000, 'alpha': 0.5}
# m_chi [MeV] / Lambda [TeV]
1.00e+00 9.53e+00
1.07e+00 9.53e+00
1.15e+00 9.53e+00
1.23e+00 9.53e+00
1.32e+00 9.52e+00
1.42e+00 9.53e+00
1.52e+00 9.52e+00
1.63e+00 9.53e+00
1.75e+00 9.53e+00
1.87e+00 9.53e+00
2.01e+00 9.53e+00
2.15e+00 9.53e+00
2.31e+00 9.53e+00
2.48e+00 9.52e+00
2.66e+00 9.53e+00
2.85e+00 9.53e+00
3.05e+00 9.53e+00
3.27e+00 9.52e+00
3.51e+00 9.53e+00
3.76e+00 9.53e+00
4.04e+00 9.53e+00
4.33e+00 9.53e+00
4.64e+00 9.53e+00
4.98e+00 9.53e+00
5.34e+00 9.52e+00
5.72e+00 9.52e+00
6.14e+00 9.52e+00
6.58e+00 9.53e+00
7.05e+00 9.52e+00
7.56e+00 9.53e+00
8.11e+00 9.53e+00
8.70e+00 9.52e+00
9.33e+00 9.52e+00
1.00e+01 9.52e+00
1.07e+01 9.52e+00
1.15e+01 9.52e+00
1.23e+01 9.52e+00
1.32e+01 9.52e+00
1.42e+01 9.52e+00
1.52e+01 9.52e+00
1.63e+01 9.52e+00
1.75e+01 9.52e+00
1.87e+01 9.52e+00
2.01e+01 9.52e+00
2.15e+01 9.52e+00
2.31e+01 9.52e+00
2.48e+01 9.51e+00
2.66e+01 9.51e+00
2.85e+01 9.51e+00
3.05e+01 9.51e+00
3.27e+01 9.50e+00
3.51e+01 9.50e+00
3.76e+01 9.50e+00
4.04e+01 9.49e+00
4.33e+01 9.49e+00
4.64e+01 9.48e+00
4.98e+01 9.48e+00
5.34e+01 9.47e+00
5.72e+01 9.46e+00
6.14e+01 9.45e+00
6.58e+01 9.44e+00
7.05e+01 9.42e+00
7.56e+01 9.40e+00
8.11e+01 9.38e+00
8.70e+01 9.36e+00
9.33e+01 9.33e+00
1.00e+02 9.30e+00
1.07e+02 9.26e+00
1.15e+02 9.21e+00
1.23e+02 9.15e+00
1.32e+02 9.09e+00
1.42e+02 9.00e+00
1.52e+02 8.91e+00
1.63e+02 8.80e+00
1.75e+02 8.66e+00
1.87e+02 8.49e+00
2.01e+02 8.29e+00
2.15e+02 8.06e+00
2.31e+02 7.78e+00
2.48e+02 7.46e+00
2.66e+02 7.10e+00
2.85e+02 6.70e+00
3.05e+02 6.26e+00
3.27e+02 5.80e+00
3.51e+02 5.31e+00
3.76e+02 4.81e+00
4.04e+02 4.30e+00
4.33e+02 3.80e+00
4.64e+02 3.31e+00
4.98e+02 2.84e+00
5.34e+02 2.40e+00
5.72e+02 2.00e+00
6.14e+02 1.63e+00
6.58e+02 1.31e+00
7.05e+02 1.02e+00
7.56e+02 7.88e-01
8.11e+02 5.91e-01
8.70e+02 4.33e-01
9.33e+02 3.08e-01
1.00e+03 2.13e-01
