1.000000000000000000e+00 1.057984243780037126e+01
1.072267222010323318e+00 1.058134425848877314e+01
1.149756995397735793e+00 1.057988355041412909e+01
1.232846739442066131e+00 1.058021280310616774e+01
1.321941148466029059e+00 1.058096246253050943e+01
1.417474162926805281e+00 1.057990590847440160e+01
1.519911082952933645e+00 1.057767737781974660e+01
1.629750834620644184e+00 1.057768012468942231e+01
1.747528400007683835e+00 1.057908790416654377e+01
1.873817422860383886e+00 1.057763935832168123e+01
2.009233002565047332e+00 1.057829372358345488e+01
2.154434690031883814e+00 1.058013984920273742e+01
2.310129700083159765e+00 1.057820118614914762e+01
2.477076355991710610e+00 1.057963879600971069e+01
2.656087782946686460e+00 1.058044892470666376e+01
2.848035868435801810e+00 1.057944750741385853e+01
3.053855508833415389e+00 1.058013883782339448e+01
3.274549162877728570e+00 1.057808403041119405e+01
3.511191734215131088e+00 1.058010420232461790e+01
3.764935806792468309e+00 1.058129904857873349e+01
4.037017258596554470e+00 1.057794251990170054e+01
4.328761281083058243e+00 1.057831842722580795e+01
4.641588833612779297e+00 1.058029988203062288e+01
4.977023564332111683e+00 1.057987145897491033e+01
5.336699231206309513e+00 1.057946359022805893e+01
5.722367659350217295e+00 1.057978844427926290e+01
6.135907273413172547e+00 1.057820660605242580e+01
6.579332246575680720e+00 1.057937439081238473e+01
7.054802310718643277e+00 1.057919365307415482e+01
7.564633275546288615e+00 1.057701892291285795e+01
8.111308307896871739e+00 1.058044759465134277e+01
8.697490026177835176e+00 1.057927250781433948e+01
9.326033468832198636e+00 1.057816047331394849e+01
1.000000000000000000e+01 1.057986460188016942e+01
1.072267222010323096e+01 1.057967903791261044e+01
1.149756995397735615e+01 1.058137082790393890e+01
1.232846739442065953e+01 1.057997622017932215e+01
1.321941148466029325e+01 1.058008962630846383e+01
1.417474162926805548e+01 1.057817849200979765e+01
1.519911082952933867e+01 1.057943936421611220e+01
1.629750834620644184e+01 1.057832511047176638e+01
1.747528400007684013e+01 1.057981829304198484e+01
1.873817422860383886e+01 1.058033452618384196e+01
2.009233002565046888e+01 1.058163636772970229e+01
2.154434690031884614e+01 1.058084073050646268e+01
2.310129700083160387e+01 1.058093376798763252e+01
2.477076355991711409e+01 1.057975693586147692e+01
2.656087782946686815e+01 1.057907945522499737e+01
2.848035868435801987e+01 1.057889786303821467e+01
3.053855508833415655e+01 1.057996966856101473e+01
3.274549162877728037e+01 1.058040749469153674e+01
3.511191734215130822e+01 1.057899623588380322e+01
3.764935806792467332e+01 1.058033229947251819e+01
4.037017258596555536e+01 1.058071197868660640e+01
4.328761281083059487e+01 1.057778607448604546e+01
4.641588833612780007e+01 1.057935532654843946e+01
4.977023564332111505e+01 1.057903991563163260e+01
5.336699231206309690e+01 1.057627001348256002e+01
5.722367659350216940e+01 1.057551589358656940e+01
6.135907273413172902e+01 1.057440732590348631e+01
6.579332246575683030e+01 1.057124881526998728e+01
7.054802310718645231e+01 1.056818080752782407e+01
7.564633275546290747e+01 1.056514032901292488e+01
8.111308307896872805e+01 1.055726687519760709e+01
8.697490026177834466e+01 1.055048999404927912e+01
9.326033468832198992e+01 1.053810529811285335e+01
1.000000000000000000e+02 1.052554512327585456e+01
1.072267222010323167e+02 1.050641026815861778e+01
1.149756995397735579e+02 1.048072430182922332e+01
1.232846739442065882e+02 1.045012264606180352e+01
1.321941148466028721e+02 1.040864986142908322e+01
1.417474162926804695e+02 1.035274489918114149e+01
1.519911082952933157e+02 1.027558942276343501e+01
1.629750834620645037e+02 1.018153727944043396e+01
1.747528400007684866e+02 1.005759928760090993e+01
1.873817422860385022e+02 9.895057819288517464e+00
2.009233002565048025e+02 9.686643358437178719e+00
2.154434690031884543e+02 9.424703363363105879e+00
2.310129700083160458e+02 9.110719766316226043e+00
2.477076355991711409e+02 8.741543691332593013e+00
2.656087782946686957e+02 8.320477457000212240e+00
2.848035868435802058e+02 7.854230055217003681e+00
3.053855508833415797e+02 7.343540978063875180e+00
3.274549162877728463e+02 6.802452899218048188e+00
3.511191734215130964e+02 6.233261073594285051e+00
3.764935806792467474e+02 5.646947551508100460e+00
4.037017258596553688e+02 5.054879294119177580e+00
4.328761281083056929e+02 4.463969107187481633e+00
4.641588833612781855e+02 3.890748914709739381e+00
4.977023564332113779e+02 3.342881761183803313e+00
5.336699231206312106e+02 2.824541637235350233e+00
5.722367659350220492e+02 2.349341068501838325e+00
6.135907273413175744e+02 1.919044344612492070e+00
6.579332246575681893e+02 1.538849790268566498e+00
7.054802310718645231e+02 1.208219705789958853e+00
7.564633275546290179e+02 9.281036618684455064e-01
8.111308307896872520e+02 6.975445505058371909e-01
8.697490026177833897e+02 5.108291060726581900e-01
9.326033468832199560e+02 3.639000782533650669e-01
1.000000000000000000e+03 2.516696540582796793e-01
