# Free-streaming bound for operator=A, sim_name=SFHo-20.0, lepton=mu
# Duration:	2024-07-21 23:46:52 -> 2024-07-21 23:54:30 (7.64min)
# Parameters:	sim_range=[0, 80], vegas_kwargs={'nitn': 10, 'neval': 1000, 'alpha': 0.5}
# m_chi [MeV] / Lambda [TeV]
1.00e+00 2.20e+01
1.07e+00 2.20e+01
1.15e+00 2.20e+01
1.23e+00 2.20e+01
1.32e+00 2.20e+01
1.42e+00 2.20e+01
1.52e+00 2.20e+01
1.63e+00 2.20e+01
1.75e+00 2.20e+01
1.87e+00 2.20e+01
2.01e+00 2.20e+01
2.15e+00 2.20e+01
2.31e+00 2.20e+01
2.48e+00 2.20e+01
2.66e+00 2.20e+01
2.85e+00 2.20e+01
3.05e+00 2.20e+01
3.27e+00 2.20e+01
3.51e+00 2.20e+01
3.76e+00 2.20e+01
4.04e+00 2.20e+01
4.33e+00 2.20e+01
4.64e+00 2.20e+01
4.98e+00 2.20e+01
5.34e+00 2.20e+01
5.72e+00 2.20e+01
6.14e+00 2.20e+01
6.58e+00 2.20e+01
7.05e+00 2.20e+01
7.56e+00 2.20e+01
8.11e+00 2.20e+01
8.70e+00 2.20e+01
9.33e+00 2.20e+01
1.00e+01 2.20e+01
1.07e+01 2.20e+01
1.15e+01 2.20e+01
1.23e+01 2.20e+01
1.32e+01 2.20e+01
1.42e+01 2.20e+01
1.52e+01 2.20e+01
1.63e+01 2.20e+01
1.75e+01 2.20e+01
1.87e+01 2.20e+01
2.01e+01 2.20e+01
2.15e+01 2.20e+01
2.31e+01 2.20e+01
2.48e+01 2.20e+01
2.66e+01 2.20e+01
2.85e+01 2.20e+01
3.05e+01 2.20e+01
3.27e+01 2.20e+01
3.51e+01 2.20e+01
3.76e+01 2.19e+01
4.04e+01 2.19e+01
4.33e+01 2.19e+01
4.64e+01 2.19e+01
4.98e+01 2.19e+01
5.34e+01 2.19e+01
5.72e+01 2.19e+01
6.14e+01 2.19e+01
6.58e+01 2.19e+01
7.05e+01 2.19e+01
7.56e+01 2.19e+01
8.11e+01 2.19e+01
8.70e+01 2.18e+01
9.33e+01 2.18e+01
1.00e+02 2.18e+01
1.07e+02 2.17e+01
1.15e+02 2.17e+01
1.23e+02 2.16e+01
1.32e+02 2.16e+01
1.42e+02 2.15e+01
1.52e+02 2.14e+01
1.63e+02 2.12e+01
1.75e+02 2.11e+01
1.87e+02 2.09e+01
2.01e+02 2.07e+01
2.15e+02 2.04e+01
2.31e+02 2.00e+01
2.48e+02 1.96e+01
2.66e+02 1.91e+01
2.85e+02 1.86e+01
3.05e+02 1.80e+01
3.27e+02 1.73e+01
3.51e+02 1.65e+01
3.76e+02 1.57e+01
4.04e+02 1.48e+01
4.33e+02 1.38e+01
4.64e+02 1.28e+01
4.98e+02 1.17e+01
5.34e+02 1.07e+01
5.72e+02 9.60e+00
6.14e+02 8.53e+00
6.58e+02 7.48e+00
7.05e+02 6.47e+00
7.56e+02 5.52e+00
8.11e+02 4.63e+00
8.70e+02 3.82e+00
9.33e+02 3.10e+00
1.00e+03 2.46e+00
