1.000000000000000000e+00 1.552036136520812093e+01
1.072267222010323318e+00 1.551866655707451592e+01
1.149756995397735793e+00 1.551567222728198558e+01
1.232846739442066131e+00 1.551779570315098589e+01
1.321941148466029059e+00 1.552106670299090752e+01
1.417474162926805281e+00 1.551954510565851741e+01
1.519911082952933645e+00 1.551976820938276980e+01
1.629750834620644184e+00 1.552019156561310531e+01
1.747528400007683835e+00 1.552534133078247436e+01
1.873817422860383886e+00 1.552147464045045311e+01
2.009233002565047332e+00 1.552217193320612409e+01
2.154434690031883814e+00 1.551981488816050536e+01
2.310129700083159765e+00 1.552153657228047834e+01
2.477076355991710610e+00 1.552086581531684573e+01
2.656087782946686460e+00 1.552100086497208231e+01
2.848035868435801810e+00 1.552087607166967231e+01
3.053855508833415389e+00 1.552013049909347764e+01
3.274549162877728570e+00 1.552102737350208272e+01
3.511191734215131088e+00 1.552358809062662104e+01
3.764935806792468309e+00 1.552059441758786384e+01
4.037017258596554470e+00 1.551863958878048599e+01
4.328761281083058243e+00 1.552276149751903489e+01
4.641588833612779297e+00 1.551826425021549660e+01
4.977023564332111683e+00 1.551780834177366408e+01
5.336699231206309513e+00 1.551926951931562293e+01
5.722367659350217295e+00 1.552203311416680620e+01
6.135907273413172547e+00 1.552001275681672254e+01
6.579332246575680720e+00 1.551979610836129631e+01
7.054802310718643277e+00 1.552067921582688470e+01
7.564633275546288615e+00 1.552035834055523722e+01
8.111308307896871739e+00 1.551754064542128475e+01
8.697490026177835176e+00 1.551770745419339015e+01
9.326033468832198636e+00 1.551844678262395405e+01
1.000000000000000000e+01 1.551818335319719822e+01
1.072267222010323096e+01 1.551994340961881846e+01
1.149756995397735615e+01 1.551920960786155490e+01
1.232846739442065953e+01 1.551431107027486433e+01
1.321941148466029325e+01 1.551657612576062562e+01
1.417474162926805548e+01 1.551476663353857077e+01
1.519911082952933867e+01 1.551653462323808519e+01
1.629750834620644184e+01 1.551398803340128296e+01
1.747528400007684013e+01 1.551618031413560495e+01
1.873817422860383886e+01 1.551356936936871556e+01
2.009233002565046888e+01 1.550951302683905020e+01
2.154434690031884614e+01 1.550846635467810941e+01
2.310129700083160387e+01 1.550722141330993686e+01
2.477076355991711409e+01 1.550746954457687465e+01
2.656087782946686815e+01 1.550232001162775752e+01
2.848035868435801987e+01 1.550257200820156633e+01
3.053855508833415655e+01 1.549910445190496233e+01
3.274549162877728037e+01 1.549294526582188958e+01
3.511191734215130822e+01 1.548799010928225250e+01
3.764935806792467332e+01 1.548683736847898551e+01
4.037017258596555536e+01 1.547700737686568218e+01
4.328761281083059487e+01 1.547132423520393196e+01
4.641588833612780007e+01 1.546869187812625412e+01
4.977023564332111505e+01 1.545802403716366236e+01
5.336699231206309690e+01 1.544992470257712114e+01
5.722367659350216940e+01 1.543639519097875556e+01
6.135907273413172902e+01 1.542130328336778078e+01
6.579332246575683030e+01 1.540827450721798542e+01
7.054802310718645231e+01 1.538950056478157080e+01
7.564633275546290747e+01 1.536701271354024101e+01
8.111308307896872805e+01 1.534594122772342573e+01
8.697490026177834466e+01 1.531416079532306185e+01
9.326033468832198992e+01 1.528337843602813884e+01
1.000000000000000000e+02 1.524235645636424508e+01
1.072267222010323167e+02 1.519567230393633750e+01
1.149756995397735579e+02 1.513981984650021317e+01
1.232846739442065882e+02 1.507614321438879657e+01
1.321941148466028721e+02 1.500320745366414066e+01
1.417474162926804695e+02 1.491164517167373482e+01
1.519911082952933157e+02 1.480162813954339462e+01
1.629750834620645037e+02 1.467154481720563908e+01
1.747528400007684866e+02 1.452453325760671632e+01
1.873817422860385022e+02 1.434221678013096302e+01
2.009233002565048025e+02 1.412816485735058158e+01
2.154434690031884543e+02 1.387904081989938732e+01
2.310129700083160458e+02 1.358974461661700239e+01
2.477076355991711409e+02 1.326129961879737174e+01
2.656087782946686957e+02 1.289044699116396231e+01
2.848035868435802058e+02 1.247181837595957354e+01
3.053855508833415797e+02 1.200548675377691943e+01
3.274549162877728463e+02 1.150329957690432714e+01
3.511191734215130964e+02 1.094946664526332469e+01
3.764935806792467474e+02 1.035540759015053958e+01
4.037017258596553688e+02 9.722984201464234033e+00
4.328761281083056929e+02 9.059230336215906121e+00
4.641588833612781855e+02 8.366185168571515618e+00
4.977023564332113779e+02 7.658839464349389559e+00
5.336699231206312106e+02 6.942052791394148770e+00
5.722367659350220492e+02 6.221754112806212156e+00
6.135907273413175744e+02 5.513424687537752611e+00
6.579332246575681893e+02 4.826902912381767941e+00
7.054802310718645231e+02 4.164888912655747788e+00
7.564633275546290179e+02 3.545893128839924469e+00
8.111308307896872520e+02 2.969535371257098877e+00
8.697490026177833897e+02 2.448169983278770001e+00
9.326033468832199560e+02 1.981676532665716639e+00
1.000000000000000000e+03 1.572558618389669371e+00
