# Free-streaming bound for operator=P, sim_name=SFHo-18.80, lepton=mu
# Duration:	2024-08-09 17:14:02 -> 2024-08-09 17:18:25 (4.38min)
# Parameters:	sim_range=[0, 80], vegas_kwargs={'nitn': 10, 'neval': 1000, 'alpha': 0.5}
# m_chi [MeV] / Lambda [TeV]
1.00e+00 9.95e+00
1.07e+00 9.95e+00
1.15e+00 9.95e+00
1.23e+00 9.95e+00
1.32e+00 9.95e+00
1.42e+00 9.95e+00
1.52e+00 9.95e+00
1.63e+00 9.95e+00
1.75e+00 9.95e+00
1.87e+00 9.95e+00
2.01e+00 9.95e+00
2.15e+00 9.95e+00
2.31e+00 9.95e+00
2.48e+00 9.95e+00
2.66e+00 9.95e+00
2.85e+00 9.95e+00
3.05e+00 9.95e+00
3.27e+00 9.95e+00
3.51e+00 9.95e+00
3.76e+00 9.95e+00
4.04e+00 9.95e+00
4.33e+00 9.95e+00
4.64e+00 9.95e+00
4.98e+00 9.95e+00
5.34e+00 9.95e+00
5.72e+00 9.95e+00
6.14e+00 9.95e+00
6.58e+00 9.95e+00
7.05e+00 9.95e+00
7.56e+00 9.95e+00
8.11e+00 9.95e+00
8.70e+00 9.95e+00
9.33e+00 9.95e+00
1.00e+01 9.95e+00
1.07e+01 9.95e+00
1.15e+01 9.95e+00
1.23e+01 9.95e+00
1.32e+01 9.94e+00
1.42e+01 9.95e+00
1.52e+01 9.94e+00
1.63e+01 9.94e+00
1.75e+01 9.94e+00
1.87e+01 9.94e+00
2.01e+01 9.94e+00
2.15e+01 9.94e+00
2.31e+01 9.94e+00
2.48e+01 9.93e+00
2.66e+01 9.93e+00
2.85e+01 9.93e+00
3.05e+01 9.93e+00
3.27e+01 9.92e+00
3.51e+01 9.92e+00
3.76e+01 9.91e+00
4.04e+01 9.91e+00
4.33e+01 9.90e+00
4.64e+01 9.89e+00
4.98e+01 9.88e+00
5.34e+01 9.88e+00
5.72e+01 9.86e+00
6.14e+01 9.85e+00
6.58e+01 9.83e+00
7.05e+01 9.81e+00
7.56e+01 9.79e+00
8.11e+01 9.76e+00
8.70e+01 9.74e+00
9.33e+01 9.70e+00
1.00e+02 9.66e+00
1.07e+02 9.61e+00
1.15e+02 9.55e+00
1.23e+02 9.47e+00
1.32e+02 9.39e+00
1.42e+02 9.29e+00
1.52e+02 9.16e+00
1.63e+02 9.01e+00
1.75e+02 8.84e+00
1.87e+02 8.62e+00
2.01e+02 8.37e+00
2.15e+02 8.07e+00
2.31e+02 7.73e+00
2.48e+02 7.35e+00
2.66e+02 6.94e+00
2.85e+02 6.50e+00
3.05e+02 6.04e+00
3.27e+02 5.56e+00
3.51e+02 5.06e+00
3.76e+02 4.56e+00
4.04e+02 4.06e+00
4.33e+02 3.57e+00
4.64e+02 3.10e+00
4.98e+02 2.65e+00
5.34e+02 2.23e+00
5.72e+02 1.85e+00
6.14e+02 1.50e+00
6.58e+02 1.20e+00
7.05e+02 9.43e-01
7.56e+02 7.23e-01
8.11e+02 5.42e-01
8.70e+02 3.96e-01
9.33e+02 2.81e-01
1.00e+03 1.95e-01
