1.000000000000000000e+00 6.537454004829900356e+00
1.072267222010323318e+00 6.538619425216955605e+00
1.149756995397735793e+00 6.539702138825036037e+00
1.232846739442066131e+00 6.539788440190308805e+00
1.321941148466029059e+00 6.538900027778539403e+00
1.417474162926805281e+00 6.539075408564555048e+00
1.519911082952933645e+00 6.537573531683579908e+00
1.629750834620644184e+00 6.538293333263800022e+00
1.747528400007683835e+00 6.538799769648545812e+00
1.873817422860383886e+00 6.540235054684878868e+00
2.009233002565047332e+00 6.537849468783601736e+00
2.154434690031883814e+00 6.539370913322440693e+00
2.310129700083159765e+00 6.537928026704971529e+00
2.477076355991710610e+00 6.541309862039439871e+00
2.656087782946686460e+00 6.537578402576895265e+00
2.848035868435801810e+00 6.541801117386081721e+00
3.053855508833415389e+00 6.537852593921652300e+00
3.274549162877728570e+00 6.537933843425577152e+00
3.511191734215131088e+00 6.538769310333951701e+00
3.764935806792468309e+00 6.537422110468429359e+00
4.037017258596554470e+00 6.536327546593693860e+00
4.328761281083058243e+00 6.538926951039085722e+00
4.641588833612779297e+00 6.537483751972218649e+00
4.977023564332111683e+00 6.541134358037521856e+00
5.336699231206309513e+00 6.539470280574529504e+00
5.722367659350217295e+00 6.538701938036333594e+00
6.135907273413172547e+00 6.538508677768331445e+00
6.579332246575680720e+00 6.538465597684948172e+00
7.054802310718643277e+00 6.536521420082287648e+00
7.564633275546288615e+00 6.538667056400388589e+00
8.111308307896871739e+00 6.540285262321229531e+00
8.697490026177835176e+00 6.536866618815985852e+00
9.326033468832198636e+00 6.536462557221875080e+00
1.000000000000000000e+01 6.538158491035999553e+00
1.072267222010323096e+01 6.539582502496048555e+00
1.149756995397735615e+01 6.535861772040239437e+00
1.232846739442065953e+01 6.538145931527505006e+00
1.321941148466029325e+01 6.535261734009224277e+00
1.417474162926805548e+01 6.537737665310728197e+00
1.519911082952933867e+01 6.536875827173274089e+00
1.629750834620644184e+01 6.536720342203230061e+00
1.747528400007684013e+01 6.533197281056112082e+00
1.873817422860383886e+01 6.534071022899843761e+00
2.009233002565046888e+01 6.532658602761569178e+00
2.154434690031884614e+01 6.530334465749821682e+00
2.310129700083160387e+01 6.532264598849788939e+00
2.477076355991711409e+01 6.530722263633616187e+00
2.656087782946686815e+01 6.527662640540652816e+00
2.848035868435801987e+01 6.526343614888986622e+00
3.053855508833415655e+01 6.524705068860600754e+00
3.274549162877728037e+01 6.522122879399101514e+00
3.511191734215130822e+01 6.518687822883037164e+00
3.764935806792467332e+01 6.514459331571128331e+00
4.037017258596555536e+01 6.508792127687909712e+00
4.328761281083059487e+01 6.505669295458198498e+00
4.641588833612780007e+01 6.500823777459649122e+00
4.977023564332111505e+01 6.494992301668051304e+00
5.336699231206309690e+01 6.484549521541916661e+00
5.722367659350216940e+01 6.479930939793616673e+00
6.135907273413172902e+01 6.469718514190944347e+00
6.579332246575683030e+01 6.457004199602997652e+00
7.054802310718645231e+01 6.446018877875991038e+00
7.564633275546290747e+01 6.430595874050435867e+00
8.111308307896872805e+01 6.412508728607468456e+00
8.697490026177834466e+01 6.387681623921902307e+00
9.326033468832198992e+01 6.356695547002171764e+00
1.000000000000000000e+02 6.328965214053503985e+00
1.072267222010323167e+02 6.288362264336673668e+00
1.149756995397735579e+02 6.243746365761171369e+00
1.232846739442065882e+02 6.193297073712525247e+00
1.321941148466028721e+02 6.129809389008345377e+00
1.417474162926804695e+02 6.058995884886144268e+00
1.519911082952933157e+02 5.973844019537577488e+00
1.629750834620645037e+02 5.873819487736398059e+00
1.747528400007684866e+02 5.759086835306072238e+00
1.873817422860385022e+02 5.626052550722714152e+00
2.009233002565048025e+02 5.474494133851965039e+00
2.154434690031884543e+02 5.296946618824667219e+00
2.310129700083160458e+02 5.100692194207531394e+00
2.477076355991711409e+02 4.881842571987974999e+00
2.656087782946686957e+02 4.637366403368559986e+00
2.848035868435802058e+02 4.371549594075282208e+00
3.053855508833415797e+02 4.078870318302020515e+00
3.274549162877728463e+02 3.775924482797838433e+00
3.511191734215130964e+02 3.452120844150401435e+00
3.764935806792467474e+02 3.120848086885663175e+00
4.037017258596553688e+02 2.787303019908251578e+00
4.328761281083056929e+02 2.417043974377545812e+00
4.641588833612781855e+02 2.124935810096728162e+00
4.977023564332113779e+02 1.808543905636851523e+00
5.336699231206312106e+02 1.510030224324033332e+00
5.722367659350220492e+02 1.252025269972326660e+00
6.135907273413175744e+02 9.249375653577240897e-01
6.579332246575681893e+02 7.712448689959162662e-01
7.054802310718645231e+02 5.790572096638587629e-01
7.564633275546290179e+02 4.627826666851764248e-01
8.111308307896872520e+02 3.167712835100559010e-01
8.697490026177833897e+02 2.373448021845732947e-01
9.326033468832199560e+02 1.376460275928549082e-01
1.000000000000000000e+03 1.004481942631544333e-01
