1.000000000000000000e+00 2.850024475815286706e+01
1.072267222010323318e+00 2.849810668941494995e+01
1.149756995397735793e+00 2.850263838282547368e+01
1.232846739442066131e+00 2.849723178167661075e+01
1.321941148466029059e+00 2.850351800027787874e+01
1.417474162926805281e+00 2.849419105387785223e+01
1.519911082952933645e+00 2.850267707927157801e+01
1.629750834620644184e+00 2.850182226691963905e+01
1.747528400007683835e+00 2.849431006706934610e+01
1.873817422860383886e+00 2.850381380549837473e+01
2.009233002565047332e+00 2.850761305679969126e+01
2.154434690031883814e+00 2.850093604250256618e+01
2.310129700083159765e+00 2.850277896275425604e+01
2.477076355991710610e+00 2.850818821701730243e+01
2.656087782946686460e+00 2.849983941700117995e+01
2.848035868435801810e+00 2.851047325310318570e+01
3.053855508833415389e+00 2.850144883523363859e+01
3.274549162877728570e+00 2.850484505470698338e+01
3.511191734215131088e+00 2.849396162592233139e+01
3.764935806792468309e+00 2.850017296879769901e+01
4.037017258596554470e+00 2.849999512969226245e+01
4.328761281083058243e+00 2.849961990185360250e+01
4.641588833612779297e+00 2.849553145618932248e+01
4.977023564332111683e+00 2.850550164331654557e+01
5.336699231206309513e+00 2.849692512366338093e+01
5.722367659350217295e+00 2.850579903277889215e+01
6.135907273413172547e+00 2.850109298642197331e+01
6.579332246575680720e+00 2.849858107981689415e+01
7.054802310718643277e+00 2.850542675617555943e+01
7.564633275546288615e+00 2.850249716927848453e+01
8.111308307896871739e+00 2.849565437322753070e+01
8.697490026177835176e+00 2.848745890342403797e+01
9.326033468832198636e+00 2.848795766113586936e+01
1.000000000000000000e+01 2.849559048793100757e+01
1.072267222010323096e+01 2.850027630779068488e+01
1.149756995397735615e+01 2.848627792303027917e+01
1.232846739442065953e+01 2.849269666155915814e+01
1.321941148466029325e+01 2.849460108222777421e+01
1.417474162926805548e+01 2.850020596346913138e+01
1.519911082952933867e+01 2.848626758185431029e+01
1.629750834620644184e+01 2.849197152059337768e+01
1.747528400007684013e+01 2.848721868570364535e+01
1.873817422860383886e+01 2.848472363693621290e+01
2.009233002565046888e+01 2.848888515051154258e+01
2.154434690031884614e+01 2.847619016383915991e+01
2.310129700083160387e+01 2.847430734077248360e+01
2.477076355991711409e+01 2.847800691974337539e+01
2.656087782946686815e+01 2.847488374841942615e+01
2.848035868435801987e+01 2.845899642600331347e+01
3.053855508833415655e+01 2.846279637800775930e+01
3.274549162877728037e+01 2.845056391903407089e+01
3.511191734215130822e+01 2.845354287382973979e+01
3.764935806792467332e+01 2.842644386029061465e+01
4.037017258596555536e+01 2.842219834880332385e+01
4.328761281083059487e+01 2.841576096078268066e+01
4.641588833612780007e+01 2.839770579502152614e+01
4.977023564332111505e+01 2.839042192191663005e+01
5.336699231206309690e+01 2.837149769792859999e+01
5.722367659350216940e+01 2.834872792275692888e+01
6.135907273413172902e+01 2.832948378910948151e+01
6.579332246575683030e+01 2.829679321901409494e+01
7.054802310718645231e+01 2.826138252339982770e+01
7.564633275546290747e+01 2.823057107646495112e+01
8.111308307896872805e+01 2.818007405717584390e+01
8.697490026177834466e+01 2.813321149281724942e+01
9.326033468832198992e+01 2.807220162138190389e+01
1.000000000000000000e+02 2.799979754061132198e+01
1.072267222010323167e+02 2.792719323272104859e+01
1.149756995397735579e+02 2.782821486347597073e+01
1.232846739442065882e+02 2.771946758068701300e+01
1.321941148466028721e+02 2.758522363040458814e+01
1.417474162926804695e+02 2.743343925301951813e+01
1.519911082952933157e+02 2.725139564068759057e+01
1.629750834620645037e+02 2.704057395887444670e+01
1.747528400007684866e+02 2.680138983207691084e+01
1.873817422860385022e+02 2.652705569940632557e+01
2.009233002565048025e+02 2.619241741199769180e+01
2.154434690031884543e+02 2.581608026036390058e+01
2.310129700083160458e+02 2.538115517162186308e+01
2.477076355991711409e+02 2.487721639424478326e+01
2.656087782946686957e+02 2.431449722224394705e+01
2.848035868435802058e+02 2.366359073205117625e+01
3.053855508833415797e+02 2.293478393597559162e+01
3.274549162877728463e+02 2.210758133919301116e+01
3.511191734215130964e+02 2.119213969844324907e+01
3.764935806792467474e+02 2.018719719311252092e+01
4.037017258596553688e+02 1.908589509237346604e+01
4.328761281083056929e+02 1.790424895328125032e+01
4.641588833612781855e+02 1.663747823895593925e+01
4.977023564332113779e+02 1.530346094870083462e+01
5.336699231206312106e+02 1.393564260473990402e+01
5.722367659350220492e+02 1.253409468437716257e+01
6.135907273413175744e+02 1.113432849774801170e+01
6.579332246575681893e+02 9.744611182411903272e+00
7.054802310718645231e+02 8.410647493142633380e+00
7.564633275546290179e+02 7.109817220741367905e+00
8.111308307896872520e+02 5.873860580410172894e+00
8.697490026177833897e+02 4.815771731272206146e+00
9.326033468832199560e+02 3.687225349732236701e+00
1.000000000000000000e+03 3.016138133220027662e+00
