1.000000000000000000e+00 6.434391188805539841e+00
1.072267222010323318e+00 6.433550984941820872e+00
1.149756995397735793e+00 6.433712451783247133e+00
1.232846739442066131e+00 6.429561313022974289e+00
1.321941148466029059e+00 6.432308060824442286e+00
1.417474162926805281e+00 6.432175463040338492e+00
1.519911082952933645e+00 6.429524592797187132e+00
1.629750834620644184e+00 6.430912832374434451e+00
1.747528400007683835e+00 6.432310446153385541e+00
1.873817422860383886e+00 6.435363253099309233e+00
2.009233002565047332e+00 6.433456593059279527e+00
2.154434690031883814e+00 6.433980668178897133e+00
2.310129700083159765e+00 6.434176807159880163e+00
2.477076355991710610e+00 6.432469872951025458e+00
2.656087782946686460e+00 6.433035664505270645e+00
2.848035868435801810e+00 6.433488679763573082e+00
3.053855508833415389e+00 6.430958148241728622e+00
3.274549162877728570e+00 6.431205600017626978e+00
3.511191734215131088e+00 6.431751337435370530e+00
3.764935806792468309e+00 6.430782790449571351e+00
4.037017258596554470e+00 6.434623009898904122e+00
4.328761281083058243e+00 6.429500768521301701e+00
4.641588833612779297e+00 6.433628021556964782e+00
4.977023564332111683e+00 6.434819541857891068e+00
5.336699231206309513e+00 6.431246488483318480e+00
5.722367659350217295e+00 6.433782128736360129e+00
6.135907273413172547e+00 6.431057283612921616e+00
6.579332246575680720e+00 6.432368797295366036e+00
7.054802310718643277e+00 6.430622899336913001e+00
7.564633275546288615e+00 6.432787184799966695e+00
8.111308307896871739e+00 6.429053235758185991e+00
8.697490026177835176e+00 6.429545675556324724e+00
9.326033468832198636e+00 6.430126958066580301e+00
1.000000000000000000e+01 6.431457506070161756e+00
1.072267222010323096e+01 6.431085680729728082e+00
1.149756995397735615e+01 6.433074443280752952e+00
1.232846739442065953e+01 6.430366798613962764e+00
1.321941148466029325e+01 6.430965527425613892e+00
1.417474162926805548e+01 6.431865818397572099e+00
1.519911082952933867e+01 6.427673609347482220e+00
1.629750834620644184e+01 6.426621086101808267e+00
1.747528400007684013e+01 6.428648809462631952e+00
1.873817422860383886e+01 6.425853171193633528e+00
2.009233002565046888e+01 6.424157879491198209e+00
2.154434690031884614e+01 6.427195704305838753e+00
2.310129700083160387e+01 6.424004938450075919e+00
2.477076355991711409e+01 6.421923730510233241e+00
2.656087782946686815e+01 6.422692685100313881e+00
2.848035868435801987e+01 6.416582659668094379e+00
3.053855508833415655e+01 6.417553705216801241e+00
3.274549162877728037e+01 6.414946956518246424e+00
3.511191734215130822e+01 6.413862425212495388e+00
3.764935806792467332e+01 6.408673364518447713e+00
4.037017258596555536e+01 6.406455718474944661e+00
4.328761281083059487e+01 6.401454861201635538e+00
4.641588833612780007e+01 6.397070835168003455e+00
4.977023564332111505e+01 6.392326168801860220e+00
5.336699231206309690e+01 6.386844011989688319e+00
5.722367659350216940e+01 6.376978160445609056e+00
6.135907273413172902e+01 6.364678215851992782e+00
6.579332246575683030e+01 6.353866248901042013e+00
7.054802310718645231e+01 6.340969818692211213e+00
7.564633275546290747e+01 6.327495656239861432e+00
8.111308307896872805e+01 6.306259507360866934e+00
8.697490026177834466e+01 6.285237249567281914e+00
9.326033468832198992e+01 6.259350711777505794e+00
1.000000000000000000e+02 6.229696265328912297e+00
1.072267222010323167e+02 6.191994535548364986e+00
1.149756995397735579e+02 6.146588383217620688e+00
1.232846739442065882e+02 6.097980742671468057e+00
1.321941148466028721e+02 6.038548740910561818e+00
1.417474162926804695e+02 5.965921387854057123e+00
1.519911082952933157e+02 5.885148117629732667e+00
1.629750834620645037e+02 5.789676727462184758e+00
1.747528400007684866e+02 5.678227591672634134e+00
1.873817422860385022e+02 5.549532989325265397e+00
2.009233002565048025e+02 5.397968170710214508e+00
2.154434690031884543e+02 5.227804506317776934e+00
2.310129700083160458e+02 5.036287974631738606e+00
2.477076355991711409e+02 4.817093539503688682e+00
2.656087782946686957e+02 4.579250524856774085e+00
2.848035868435802058e+02 4.315088068101268881e+00
3.053855508833415797e+02 4.029887165559611795e+00
3.274549162877728463e+02 3.722756521977301336e+00
3.511191734215130964e+02 3.412942246647931999e+00
3.764935806792467474e+02 3.086294427713892397e+00
4.037017258596553688e+02 2.749370348300156142e+00
4.328761281083056929e+02 2.421285010374074620e+00
4.641588833612781855e+02 2.098155270568781816e+00
4.977023564332113779e+02 1.763171365144213354e+00
5.336699231206312106e+02 1.490284867404849889e+00
5.722367659350220492e+02 1.238767679024651347e+00
6.135907273413175744e+02 9.778406777760424440e-01
6.579332246575681893e+02 7.559403427738430326e-01
7.054802310718645231e+02 5.642900425905603701e-01
7.564633275546290179e+02 4.532776170175592534e-01
8.111308307896872520e+02 3.373055296676631953e-01
8.697490026177833897e+02 1.970136550510011297e-01
9.326033468832199560e+02 1.549897287751469399e-01
1.000000000000000000e+03 9.190324299832891564e-02
