1.000000000000000000e+00 3.145492598123215089e+01
1.072267222010323318e+00 3.145763070018761809e+01
1.149756995397735793e+00 3.146099427639038382e+01
1.232846739442066131e+00 3.144726020633454766e+01
1.321941148466029059e+00 3.145427214480082156e+01
1.417474162926805281e+00 3.146574939587658548e+01
1.519911082952933645e+00 3.145146954355668356e+01
1.629750834620644184e+00 3.145085278634799053e+01
1.747528400007683835e+00 3.145166667378944680e+01
1.873817422860383886e+00 3.145391067131841822e+01
2.009233002565047332e+00 3.145791334628671265e+01
2.154434690031883814e+00 3.146077172699890667e+01
2.310129700083159765e+00 3.145927165004095372e+01
2.477076355991710610e+00 3.145453399475302447e+01
2.656087782946686460e+00 3.146210077230661639e+01
2.848035868435801810e+00 3.146290728580757090e+01
3.053855508833415389e+00 3.145553820129128653e+01
3.274549162877728570e+00 3.145713946025521679e+01
3.511191734215131088e+00 3.144790045811003054e+01
3.764935806792468309e+00 3.145227651560395543e+01
4.037017258596554470e+00 3.144922765581879176e+01
4.328761281083058243e+00 3.145340724127525789e+01
4.641588833612779297e+00 3.145979683896040413e+01
4.977023564332111683e+00 3.144463230250986641e+01
5.336699231206309513e+00 3.145216639365968092e+01
5.722367659350217295e+00 3.145579469882947876e+01
6.135907273413172547e+00 3.145422820655928575e+01
6.579332246575680720e+00 3.145805600318011841e+01
7.054802310718643277e+00 3.145436521931068796e+01
7.564633275546288615e+00 3.145535797162883540e+01
8.111308307896871739e+00 3.144927148141658790e+01
8.697490026177835176e+00 3.145793667247549052e+01
9.326033468832198636e+00 3.146486379692932900e+01
1.000000000000000000e+01 3.144599579471625717e+01
1.072267222010323096e+01 3.145590811850874857e+01
1.149756995397735615e+01 3.144790715272022297e+01
1.232846739442065953e+01 3.144838733414499288e+01
1.321941148466029325e+01 3.143685527687276249e+01
1.417474162926805548e+01 3.144383849695371325e+01
1.519911082952933867e+01 3.143784393867462867e+01
1.629750834620644184e+01 3.144531106369972662e+01
1.747528400007684013e+01 3.144210817457861040e+01
1.873817422860383886e+01 3.143714646668869861e+01
2.009233002565046888e+01 3.143229870400810455e+01
2.154434690031884614e+01 3.142433185253729278e+01
2.310129700083160387e+01 3.143314052776050360e+01
2.477076355991711409e+01 3.142966433684781791e+01
2.656087782946686815e+01 3.141883070954403223e+01
2.848035868435801987e+01 3.142113995377183855e+01
3.053855508833415655e+01 3.140023794481691866e+01
3.274549162877728037e+01 3.139445387023963718e+01
3.511191734215130822e+01 3.139450891276684885e+01
3.764935806792467332e+01 3.138428117605482370e+01
4.037017258596555536e+01 3.137072856819333211e+01
4.328761281083059487e+01 3.135893908950878028e+01
4.641588833612780007e+01 3.135233484591243069e+01
4.977023564332111505e+01 3.133072722771483143e+01
5.336699231206309690e+01 3.130558684945664183e+01
5.722367659350216940e+01 3.129643720617485059e+01
6.135907273413172902e+01 3.126043871150441689e+01
6.579332246575683030e+01 3.123451300340859760e+01
7.054802310718645231e+01 3.119650619254479196e+01
7.564633275546290747e+01 3.115658341490521721e+01
8.111308307896872805e+01 3.110203565156356831e+01
8.697490026177834466e+01 3.105163342628038237e+01
9.326033468832198992e+01 3.098305642318692676e+01
1.000000000000000000e+02 3.090299606657410436e+01
1.072267222010323167e+02 3.081124085184401196e+01
1.149756995397735579e+02 3.070286357894153539e+01
1.232846739442065882e+02 3.058920598572392535e+01
1.321941148466028721e+02 3.044207380572387578e+01
1.417474162926804695e+02 3.027303897887284378e+01
1.519911082952933157e+02 3.007888211154435965e+01
1.629750834620645037e+02 2.984066276687389063e+01
1.747528400007684866e+02 2.959148909647685954e+01
1.873817422860385022e+02 2.927004607302754735e+01
2.009233002565048025e+02 2.890917349126624103e+01
2.154434690031884543e+02 2.849408392439014648e+01
2.310129700083160458e+02 2.801256801076504743e+01
2.477076355991711409e+02 2.746914238317200585e+01
2.656087782946686957e+02 2.683306328344623992e+01
2.848035868435802058e+02 2.611266894481617484e+01
3.053855508833415797e+02 2.530405498009481136e+01
3.274549162877728463e+02 2.440641363661080021e+01
3.511191734215130964e+02 2.339679616288023567e+01
3.764935806792467474e+02 2.227460721479113559e+01
4.037017258596553688e+02 2.106891222609911907e+01
4.328761281083056929e+02 1.976393146626135788e+01
4.641588833612781855e+02 1.835930462448690648e+01
4.977023564332113779e+02 1.689225897753121330e+01
5.336699231206312106e+02 1.537056661631469190e+01
5.722367659350220492e+02 1.384213284845014336e+01
6.135907273413175744e+02 1.229282370776727795e+01
6.579332246575681893e+02 1.075524253771297900e+01
7.054802310718645231e+02 9.295751527541979087e+00
7.564633275546290179e+02 7.833245684016471699e+00
8.111308307896872520e+02 6.570098383932900354e+00
8.697490026177833897e+02 5.389491341157826909e+00
9.326033468832199560e+02 4.181894116420640017e+00
1.000000000000000000e+03 3.240877858343277129e+00
