1.000000000000000000e+00 4.382033008653218786e+01
1.072267222010323318e+00 4.382681765641934390e+01
1.149756995397735793e+00 4.382324990411919430e+01
1.232846739442066131e+00 4.383102441491595869e+01
1.321941148466029059e+00 4.382927768905666710e+01
1.417474162926805281e+00 4.383308488659493207e+01
1.519911082952933645e+00 4.381834753959172701e+01
1.629750834620644184e+00 4.381755834963756513e+01
1.747528400007683835e+00 4.382941388988219700e+01
1.873817422860383886e+00 4.383240956339879801e+01
2.009233002565047332e+00 4.382479837815520085e+01
2.154434690031883814e+00 4.382042889383923523e+01
2.310129700083159765e+00 4.383310531539589761e+01
2.477076355991710610e+00 4.381330008401969422e+01
2.656087782946686460e+00 4.382354425075107685e+01
2.848035868435801810e+00 4.383200299812914835e+01
3.053855508833415389e+00 4.383048031427882307e+01
3.274549162877728570e+00 4.382487243049057923e+01
3.511191734215131088e+00 4.382018834195338286e+01
3.764935806792468309e+00 4.382821870858350621e+01
4.037017258596554470e+00 4.383192519010584931e+01
4.328761281083058243e+00 4.382025138343146153e+01
4.641588833612779297e+00 4.383707270351040819e+01
4.977023564332111683e+00 4.382544134636038535e+01
5.336699231206309513e+00 4.382972312524347558e+01
5.722367659350217295e+00 4.383564853864866961e+01
6.135907273413172547e+00 4.382551552995150246e+01
6.579332246575680720e+00 4.382623769903680966e+01
7.054802310718643277e+00 4.382977510781618946e+01
7.564633275546288615e+00 4.383761948878246528e+01
8.111308307896871739e+00 4.381942967804376110e+01
8.697490026177835176e+00 4.383269172884406828e+01
9.326033468832198636e+00 4.382737918656786746e+01
1.000000000000000000e+01 4.383101461229925633e+01
1.072267222010323096e+01 4.382554434773385310e+01
1.149756995397735615e+01 4.383480872771987435e+01
1.232846739442065953e+01 4.383221756944016079e+01
1.321941148466029325e+01 4.383687728434799880e+01
1.417474162926805548e+01 4.382845977126788028e+01
1.519911082952933867e+01 4.383672072435246037e+01
1.629750834620644184e+01 4.383687764168245593e+01
1.747528400007684013e+01 4.382671442986475085e+01
1.873817422860383886e+01 4.384131149957266871e+01
2.009233002565046888e+01 4.383046251801797411e+01
2.154434690031884614e+01 4.384174559277474259e+01
2.310129700083160387e+01 4.384640495756590894e+01
2.477076355991711409e+01 4.383751923199919531e+01
2.656087782946686815e+01 4.385271505322432262e+01
2.848035868435801987e+01 4.385635394695288625e+01
3.053855508833415655e+01 4.384658961216265993e+01
3.274549162877728037e+01 4.385851041258698757e+01
3.511191734215130822e+01 4.386049186188058968e+01
3.764935806792467332e+01 4.386774382674319384e+01
4.037017258596555536e+01 4.385601468641198863e+01
4.328761281083059487e+01 4.386986252163348610e+01
4.641588833612780007e+01 4.387090516539117147e+01
4.977023564332111505e+01 4.387157431182954781e+01
5.336699231206309690e+01 4.388612500463797517e+01
5.722367659350216940e+01 4.388820467317655272e+01
6.135907273413172902e+01 4.389322053824260905e+01
6.579332246575683030e+01 4.388636399152055390e+01
7.054802310718645231e+01 4.390097535651896976e+01
7.564633275546290747e+01 4.390186655591318754e+01
8.111308307896872805e+01 4.390030351197574277e+01
8.697490026177834466e+01 4.389754355153918652e+01
9.326033468832198992e+01 4.388416742664262671e+01
1.000000000000000000e+02 4.387809789920542158e+01
1.072267222010323167e+02 4.384974461967373571e+01
1.149756995397735579e+02 4.381649362096173661e+01
1.232846739442065882e+02 4.376224749327981556e+01
1.321941148466028721e+02 4.369964443372062846e+01
1.417474162926804695e+02 4.360644381751639287e+01
1.519911082952933157e+02 4.349411507927192133e+01
1.629750834620645037e+02 4.334625415556825345e+01
1.747528400007684866e+02 4.312768706940171626e+01
1.873817422860385022e+02 4.287858746720797143e+01
2.009233002565048025e+02 4.256616794163272033e+01
2.154434690031884543e+02 4.215660089744925187e+01
2.310129700083160458e+02 4.165694010298356176e+01
2.477076355991711409e+02 4.106175536985869456e+01
2.656087782946686957e+02 4.036145359775763808e+01
2.848035868435802058e+02 3.949840268563390566e+01
3.053855508833415797e+02 3.849912661577404549e+01
3.274549162877728463e+02 3.734152852070255335e+01
3.511191734215130964e+02 3.598646593483658762e+01
3.764935806792467474e+02 3.447245190541224247e+01
4.037017258596553688e+02 3.276744369627655828e+01
4.328761281083056929e+02 3.089854902237583900e+01
4.641588833612781855e+02 2.886928752066228654e+01
4.977023564332113779e+02 2.669845415371421282e+01
5.336699231206312106e+02 2.441693377578646107e+01
5.722367659350220492e+02 2.206202627636368518e+01
6.135907273413175744e+02 1.956219315619763677e+01
6.579332246575681893e+02 1.723969015785101178e+01
7.054802310718645231e+02 1.499052898693742009e+01
7.564633275546290179e+02 1.276823545206542043e+01
8.111308307896872520e+02 1.067055736431932011e+01
8.697490026177833897e+02 8.711645980206553119e+00
9.326033468832199560e+02 6.907819386582510823e+00
1.000000000000000000e+03 5.462465279265404483e+00
