1.000000000000000000e+00 3.283677611743425473e+01
1.072267222010323318e+00 3.283974786002026747e+01
1.149756995397735793e+00 3.285242983139002604e+01
1.232846739442066131e+00 3.284669182843276047e+01
1.321941148466029059e+00 3.283683754445237213e+01
1.417474162926805281e+00 3.284886739766688635e+01
1.519911082952933645e+00 3.284271709535144623e+01
1.629750834620644184e+00 3.285028242558401956e+01
1.747528400007683835e+00 3.284136303669370704e+01
1.873817422860383886e+00 3.283792358651765397e+01
2.009233002565047332e+00 3.284873001914930057e+01
2.154434690031883814e+00 3.284229073552270961e+01
2.310129700083159765e+00 3.284427679826026747e+01
2.477076355991710610e+00 3.283942681063228974e+01
2.656087782946686460e+00 3.285117102238303488e+01
2.848035868435801810e+00 3.283783293534062864e+01
3.053855508833415389e+00 3.284474612127431215e+01
3.274549162877728570e+00 3.283953586959483317e+01
3.511191734215131088e+00 3.283839851950881439e+01
3.764935806792468309e+00 3.284331806121749509e+01
4.037017258596554470e+00 3.283426274747248641e+01
4.328761281083058243e+00 3.284472856060399693e+01
4.641588833612779297e+00 3.285254695425307148e+01
4.977023564332111683e+00 3.283914129242933910e+01
5.336699231206309513e+00 3.284419079684857223e+01
5.722367659350217295e+00 3.284944326645764079e+01
6.135907273413172547e+00 3.284506726261270160e+01
6.579332246575680720e+00 3.284121648335045052e+01
7.054802310718643277e+00 3.284217653840192241e+01
7.564633275546288615e+00 3.284669653289242319e+01
8.111308307896871739e+00 3.284682805866098931e+01
8.697490026177835176e+00 3.284973052932942750e+01
9.326033468832198636e+00 3.284959369815767616e+01
1.000000000000000000e+01 3.284889332201338163e+01
1.072267222010323096e+01 3.285407987060231250e+01
1.149756995397735615e+01 3.285229246386939650e+01
1.232846739442065953e+01 3.284739940512136513e+01
1.321941148466029325e+01 3.285609458773321023e+01
1.417474162926805548e+01 3.285101705665302063e+01
1.519911082952933867e+01 3.285876980424202998e+01
1.629750834620644184e+01 3.285553627783712471e+01
1.747528400007684013e+01 3.285495255277324134e+01
1.873817422860383886e+01 3.286115347453338131e+01
2.009233002565046888e+01 3.286503326017305682e+01
2.154434690031884614e+01 3.287046901492854545e+01
2.310129700083160387e+01 3.286576551654163580e+01
2.477076355991711409e+01 3.286563559907136067e+01
2.656087782946686815e+01 3.287556598355409676e+01
2.848035868435801987e+01 3.288628319244253362e+01
3.053855508833415655e+01 3.289123435244516713e+01
3.274549162877728037e+01 3.289331594451878260e+01
3.511191734215130822e+01 3.290192596526095059e+01
3.764935806792467332e+01 3.291517942033193833e+01
4.037017258596555536e+01 3.291325374179923813e+01
4.328761281083059487e+01 3.293348838228502018e+01
4.641588833612780007e+01 3.293191324764450201e+01
4.977023564332111505e+01 3.294264891104139537e+01
5.336699231206309690e+01 3.295669393732852370e+01
5.722367659350216940e+01 3.296790422125430808e+01
6.135907273413172902e+01 3.298594237377470506e+01
6.579332246575683030e+01 3.298241366844396083e+01
7.054802310718645231e+01 3.299137449285350954e+01
7.564633275546290747e+01 3.300409087171589562e+01
8.111308307896872805e+01 3.300495881197855397e+01
8.697490026177834466e+01 3.301714900149416110e+01
9.326033468832198992e+01 3.299745250459192647e+01
1.000000000000000000e+02 3.297452437369609157e+01
1.072267222010323167e+02 3.293585621830830235e+01
1.149756995397735579e+02 3.287961519360727891e+01
1.232846739442065882e+02 3.280215411728386243e+01
1.321941148466028721e+02 3.270077675896521896e+01
1.417474162926804695e+02 3.255108575201322196e+01
1.519911082952933157e+02 3.236360637065890700e+01
1.629750834620645037e+02 3.211309502294917451e+01
1.747528400007684866e+02 3.179433005244197830e+01
1.873817422860385022e+02 3.139722994924303023e+01
2.009233002565048025e+02 3.089558366589219318e+01
2.154434690031884543e+02 3.029232015814767109e+01
2.310129700083160458e+02 2.957396205743841122e+01
2.477076355991711409e+02 2.871551434774811185e+01
2.656087782946686957e+02 2.770128708758060654e+01
2.848035868435802058e+02 2.651191557895820594e+01
3.053855508833415797e+02 2.513649103556205944e+01
3.274549162877728463e+02 2.365884979598087767e+01
3.511191734215130964e+02 2.197153722013428379e+01
3.764935806792467474e+02 2.014817569727441793e+01
4.037017258596553688e+02 1.811895995536308135e+01
4.328761281083056929e+02 1.619305279436282419e+01
4.641588833612781855e+02 1.417788872467237304e+01
4.977023564332113779e+02 1.215413464775371288e+01
5.336699231206312106e+02 1.019069262755385630e+01
5.722367659350220492e+02 8.221735930755132316e+00
6.135907273413175744e+02 6.674605543150904374e+00
6.579332246575681893e+02 5.272476421781904676e+00
7.054802310718645231e+02 3.954488812481057547e+00
7.564633275546290179e+02 2.898871334547665768e+00
8.111308307896872520e+02 2.216143153246127540e+00
8.697490026177833897e+02 1.398891310413187705e+00
9.326033468832199560e+02 1.024891893191677505e+00
1.000000000000000000e+03 6.454426196772937718e-01
