1.000000000000000000e+00 3.464766041926600337e+01
1.072267222010323318e+00 3.463840726706522588e+01
1.149756995397735793e+00 3.463673618835579049e+01
1.232846739442066131e+00 3.464386555808903267e+01
1.321941148466029059e+00 3.464562461932688109e+01
1.417474162926805281e+00 3.464700398586828101e+01
1.519911082952933645e+00 3.464190305200636288e+01
1.629750834620644184e+00 3.464807811816728389e+01
1.747528400007683835e+00 3.464727981767448739e+01
1.873817422860383886e+00 3.464004894567155901e+01
2.009233002565047332e+00 3.464821159451857824e+01
2.154434690031883814e+00 3.464330868044317668e+01
2.310129700083159765e+00 3.463639046574605374e+01
2.477076355991710610e+00 3.464086524305819381e+01
2.656087782946686460e+00 3.464243314533550944e+01
2.848035868435801810e+00 3.463987919349222722e+01
3.053855508833415389e+00 3.464974655751257160e+01
3.274549162877728570e+00 3.463666080285381810e+01
3.511191734215131088e+00 3.465084909708332361e+01
3.764935806792468309e+00 3.465055456319465321e+01
4.037017258596554470e+00 3.465554205237611995e+01
4.328761281083058243e+00 3.464325244809665350e+01
4.641588833612779297e+00 3.464143476764351703e+01
4.977023564332111683e+00 3.464270897122074189e+01
5.336699231206309513e+00 3.463552673112612013e+01
5.722367659350217295e+00 3.463828190919750227e+01
6.135907273413172547e+00 3.464776121610113790e+01
6.579332246575680720e+00 3.464033838289611111e+01
7.054802310718643277e+00 3.464131913917624672e+01
7.564633275546288615e+00 3.463376927798167770e+01
8.111308307896871739e+00 3.464247215496287424e+01
8.697490026177835176e+00 3.463746499926222810e+01
9.326033468832198636e+00 3.464231657213261428e+01
1.000000000000000000e+01 3.463703905317700560e+01
1.072267222010323096e+01 3.464224052617365857e+01
1.149756995397735615e+01 3.464006966688597799e+01
1.232846739442065953e+01 3.463719076244086637e+01
1.321941148466029325e+01 3.464200499179001724e+01
1.417474162926805548e+01 3.463985188644362267e+01
1.519911082952933867e+01 3.463706343334617088e+01
1.629750834620644184e+01 3.462916341406555176e+01
1.747528400007684013e+01 3.463743201820047801e+01
1.873817422860383886e+01 3.462926201506529367e+01
2.009233002565046888e+01 3.463045618603783993e+01
2.154434690031884614e+01 3.462024920541431783e+01
2.310129700083160387e+01 3.462595727132610079e+01
2.477076355991711409e+01 3.463034472576337919e+01
2.656087782946686815e+01 3.462166913193433260e+01
2.848035868435801987e+01 3.461708542337096617e+01
3.053855508833415655e+01 3.460895049517399968e+01
3.274549162877728037e+01 3.461221647460723005e+01
3.511191734215130822e+01 3.460845131763105798e+01
3.764935806792467332e+01 3.460487101879427740e+01
4.037017258596555536e+01 3.460010275494147436e+01
4.328761281083059487e+01 3.457792977628325559e+01
4.641588833612780007e+01 3.457118263548297676e+01
4.977023564332111505e+01 3.455542281212231615e+01
5.336699231206309690e+01 3.455168485109953025e+01
5.722367659350216940e+01 3.453910221662714974e+01
6.135907273413172902e+01 3.452190480658580185e+01
6.579332246575683030e+01 3.448482303679728034e+01
7.054802310718645231e+01 3.447104392739969825e+01
7.564633275546290747e+01 3.444183968456984957e+01
8.111308307896872805e+01 3.440561646250618111e+01
8.697490026177834466e+01 3.436469591267004375e+01
9.326033468832198992e+01 3.431166474007225275e+01
1.000000000000000000e+02 3.426082540723710679e+01
1.072267222010323167e+02 3.418753170207428127e+01
1.149756995397735579e+02 3.409625528879273304e+01
1.232846739442065882e+02 3.399231730963695242e+01
1.321941148466028721e+02 3.388655025126288933e+01
1.417474162926804695e+02 3.373235607033053185e+01
1.519911082952933157e+02 3.357824163305985365e+01
1.629750834620645037e+02 3.337744758418917002e+01
1.747528400007684866e+02 3.313575466019968019e+01
1.873817422860385022e+02 3.283873483502484447e+01
2.009233002565048025e+02 3.251079466038316212e+01
2.154434690031884543e+02 3.211930016822027767e+01
2.310129700083160458e+02 3.164604466111050485e+01
2.477076355991711409e+02 3.109559856195800975e+01
2.656087782946686957e+02 3.046920637884990057e+01
2.848035868435802058e+02 2.972766165289423768e+01
3.053855508833415797e+02 2.890175472522033928e+01
3.274549162877728463e+02 2.794063330267298539e+01
3.511191734215130964e+02 2.686133384357151144e+01
3.764935806792467474e+02 2.565945597958689106e+01
4.037017258596553688e+02 2.435249757763633482e+01
4.328761281083056929e+02 2.290650893848545877e+01
4.641588833612781855e+02 2.136072106414580318e+01
4.977023564332113779e+02 1.970435981213347176e+01
5.336699231206312106e+02 1.801195640519721053e+01
5.722367659350220492e+02 1.624650504838211518e+01
6.135907273413175744e+02 1.447181921247864267e+01
6.579332246575681893e+02 1.264985737773668184e+01
7.054802310718645231e+02 1.095105593388303866e+01
7.564633275546290179e+02 9.280323789096375009e+00
8.111308307896872520e+02 7.820015172111128621e+00
8.697490026177833897e+02 6.369861983214549106e+00
9.326033468832199560e+02 5.108768758024092804e+00
1.000000000000000000e+03 4.026943575561095834e+00
