1.000000000000000000e+00 1.820423132955533774e+01
1.072267222010323318e+00 1.820275391958458755e+01
1.149756995397735793e+00 1.819934590033644994e+01
1.232846739442066131e+00 1.819543693418466646e+01
1.321941148466029059e+00 1.819882188866401407e+01
1.417474162926805281e+00 1.819906198557972132e+01
1.519911082952933645e+00 1.819916458131663717e+01
1.629750834620644184e+00 1.820089664437195864e+01
1.747528400007683835e+00 1.820118751836221804e+01
1.873817422860383886e+00 1.819936893296645763e+01
2.009233002565047332e+00 1.819882596571009259e+01
2.154434690031883814e+00 1.820063173464025041e+01
2.310129700083159765e+00 1.819858010971745799e+01
2.477076355991710610e+00 1.820185222935978331e+01
2.656087782946686460e+00 1.819871196150775816e+01
2.848035868435801810e+00 1.820011602866588518e+01
3.053855508833415389e+00 1.820074145100242902e+01
3.274549162877728570e+00 1.819197893304497526e+01
3.511191734215131088e+00 1.819962994798027722e+01
3.764935806792468309e+00 1.820118772677237118e+01
4.037017258596554470e+00 1.819643384399412156e+01
4.328761281083058243e+00 1.820409830779244942e+01
4.641588833612779297e+00 1.820235169292157806e+01
4.977023564332111683e+00 1.819723735437342071e+01
5.336699231206309513e+00 1.819064545988413073e+01
5.722367659350217295e+00 1.819745864825883075e+01
6.135907273413172547e+00 1.820515617891786775e+01
6.579332246575680720e+00 1.819528322120585528e+01
7.054802310718643277e+00 1.819853390720868092e+01
7.564633275546288615e+00 1.820006686132830254e+01
8.111308307896871739e+00 1.819580447800754897e+01
8.697490026177835176e+00 1.819871085912102515e+01
9.326033468832198636e+00 1.819514626590336803e+01
1.000000000000000000e+01 1.819713614739793073e+01
1.072267222010323096e+01 1.819688496283096413e+01
1.149756995397735615e+01 1.820347516221289297e+01
1.232846739442065953e+01 1.819888960844839332e+01
1.321941148466029325e+01 1.819381911248877159e+01
1.417474162926805548e+01 1.819340770428094700e+01
1.519911082952933867e+01 1.819580609112595937e+01
1.629750834620644184e+01 1.819473978005366632e+01
1.747528400007684013e+01 1.820113771091712351e+01
1.873817422860383886e+01 1.818876386631087527e+01
2.009233002565046888e+01 1.819616283577044769e+01
2.154434690031884614e+01 1.818520970842017093e+01
2.310129700083160387e+01 1.818161412582873027e+01
2.477076355991711409e+01 1.818160625296223287e+01
2.656087782946686815e+01 1.817181512713170832e+01
2.848035868435801987e+01 1.818046994756610601e+01
3.053855508833415655e+01 1.817123048542834596e+01
3.274549162877728037e+01 1.816743251208607290e+01
3.511191734215130822e+01 1.816673047982795453e+01
3.764935806792467332e+01 1.815819271315452355e+01
4.037017258596555536e+01 1.815585283890630208e+01
4.328761281083059487e+01 1.814740398288210343e+01
4.641588833612780007e+01 1.813154499945111908e+01
4.977023564332111505e+01 1.812075476244456596e+01
5.336699231206309690e+01 1.811155141934986901e+01
5.722367659350216940e+01 1.809704480524674608e+01
6.135907273413172902e+01 1.808224908793977193e+01
6.579332246575683030e+01 1.805807165669218151e+01
7.054802310718645231e+01 1.803232323412360216e+01
7.564633275546290747e+01 1.800313873706668488e+01
8.111308307896872805e+01 1.797095656639731232e+01
8.697490026177834466e+01 1.792848645961833753e+01
9.326033468832198992e+01 1.787488473259084287e+01
1.000000000000000000e+02 1.782235650434937568e+01
1.072267222010323167e+02 1.775356720403673449e+01
1.149756995397735579e+02 1.766512604884808013e+01
1.232846739442065882e+02 1.756863767303434543e+01
1.321941148466028721e+02 1.744369586020041396e+01
1.417474162926804695e+02 1.731038562733907682e+01
1.519911082952933157e+02 1.712280830240398188e+01
1.629750834620645037e+02 1.693272371063571313e+01
1.747528400007684866e+02 1.669394791140210899e+01
1.873817422860385022e+02 1.640681862962890847e+01
2.009233002565048025e+02 1.608423422851571871e+01
2.154434690031884543e+02 1.568532095977867868e+01
2.310129700083160458e+02 1.524906663009073782e+01
2.477076355991711409e+02 1.472519266430310658e+01
2.656087782946686957e+02 1.413891577238850239e+01
2.848035868435802058e+02 1.347994882925252469e+01
3.053855508833415797e+02 1.274702334658444514e+01
3.274549162877728463e+02 1.193131798721004699e+01
3.511191734215130964e+02 1.104301996402540276e+01
3.764935806792467474e+02 1.009584548741503163e+01
4.037017258596553688e+02 9.109984700945322089e+00
4.328761281083056929e+02 8.069147507285379106e+00
4.641588833612781855e+02 6.979263709168744612e+00
4.977023564332113779e+02 5.958341272725713900e+00
5.336699231206312106e+02 5.101633700572428154e+00
5.722367659350220492e+02 4.148044436963742143e+00
6.135907273413175744e+02 3.324921414591043511e+00
6.579332246575681893e+02 2.627302933602976065e+00
7.054802310718645231e+02 1.966355989955748784e+00
7.564633275546290179e+02 1.471469880598480939e+00
8.111308307896872520e+02 1.089706052107649592e+00
8.697490026177833897e+02 7.814094913045224189e-01
9.326033468832199560e+02 4.916308943297847955e-01
1.000000000000000000e+03 3.528146088090973742e-01
