1.000000000000000000e+00 2.851787795660650979e-02
1.072267222010323318e+00 2.916201355028958525e-02
1.149756995397735793e+00 2.910424046082157531e-02
1.232846739442066131e+00 2.911789173432662720e-02
1.321941148466029059e+00 2.879708116993678901e-02
1.417474162926805281e+00 2.916264038153647958e-02
1.519911082952933645e+00 2.910393163954289389e-02
1.629750834620644184e+00 2.888453799899193611e-02
1.747528400007683835e+00 2.840407561201779840e-02
1.873817422860383886e+00 2.827642546886625571e-02
2.009233002565047332e+00 2.966876262428301894e-02
2.154434690031883814e+00 2.864179620167553106e-02
2.310129700083159765e+00 2.944435391117999901e-02
2.477076355991710610e+00 2.937411956777481736e-02
2.656087782946686460e+00 2.849168542755339817e-02
2.848035868435801810e+00 2.914645004204971523e-02
3.053855508833415389e+00 2.934827522422817081e-02
3.274549162877728570e+00 2.938322999338545752e-02
3.511191734215131088e+00 2.998921567181546746e-02
3.764935806792468309e+00 3.025000392245312184e-02
4.037017258596554470e+00 3.053756393143184505e-02
4.328761281083058243e+00 2.935708675996533124e-02
4.641588833612779297e+00 3.054002748758643387e-02
4.977023564332111683e+00 2.979740455505618807e-02
5.336699231206309513e+00 2.973140871863893045e-02
5.722367659350217295e+00 2.992879392208041070e-02
6.135907273413172547e+00 3.015366377080276952e-02
6.579332246575680720e+00 3.047215190585984834e-02
7.054802310718643277e+00 3.021194885721401047e-02
7.564633275546288615e+00 3.177614617586065754e-02
8.111308307896871739e+00 3.130329454600722788e-02
8.697490026177835176e+00 3.183130171674536379e-02
9.326033468832198636e+00 3.249050118653056679e-02
1.000000000000000000e+01 3.166118026833521226e-02
1.072267222010323096e+01 3.275955542331344950e-02
1.149756995397735615e+01 3.360037395989209225e-02
1.232846739442065953e+01 3.449942533839595038e-02
1.321941148466029325e+01 3.446363911848926431e-02
1.417474162926805548e+01 3.487840222899640102e-02
1.519911082952933867e+01 3.658851234497596805e-02
1.629750834620644184e+01 3.740145117922906437e-02
1.747528400007684013e+01 3.873685754710626955e-02
1.873817422860383886e+01 3.907830245510507394e-02
2.009233002565046888e+01 4.100510055898345246e-02
2.154434690031884614e+01 4.306967668765425417e-02
2.310129700083160387e+01 4.470690023537783608e-02
2.477076355991711409e+01 4.545149393568882062e-02
2.656087782946686815e+01 4.788751679329151384e-02
2.848035868435801987e+01 4.982936199091709401e-02
3.053855508833415655e+01 5.317061689160661186e-02
3.274549162877728037e+01 5.494086301796286681e-02
3.511191734215130822e+01 5.749622831488451075e-02
3.764935806792467332e+01 6.134131823273946543e-02
4.037017258596555536e+01 6.567555681897357944e-02
4.328761281083059487e+01 6.853967796944374080e-02
4.641588833612780007e+01 7.143104845940731473e-02
4.977023564332111505e+01 7.889178105240378380e-02
5.336699231206309690e+01 8.439717312894225165e-02
5.722367659350216940e+01 9.011009851677534432e-02
6.135907273413172902e+01 9.837331227595247363e-02
6.579332246575683030e+01 1.056998010210628697e-01
7.054802310718645231e+01 1.144543006270690305e-01
7.564633275546290747e+01 1.244794773722293635e-01
8.111308307896872805e+01 1.312513029491860495e-01
8.697490026177834466e+01 1.467512447022159272e-01
9.326033468832198992e+01 1.608835608141638562e-01
1.000000000000000000e+02 1.753678008945111777e-01
1.072267222010323167e+02 1.921057349371327605e-01
1.149756995397735579e+02 2.083569188333873889e-01
1.232846739442065882e+02 2.310832149855918116e-01
1.321941148466028721e+02 2.539230192311489609e-01
1.417474162926804695e+02 2.772986852532103308e-01
1.519911082952933157e+02 3.081125378672603943e-01
1.629750834620645037e+02 3.291439336323186970e-01
1.747528400007684866e+02 3.787489803619946693e-01
1.873817422860385022e+02 4.159594748931890740e-01
2.009233002565048025e+02 4.521704680621322359e-01
2.154434690031884543e+02 4.996616638826331669e-01
2.310129700083160458e+02 5.498583753121565332e-01
2.477076355991711409e+02 6.157193346807998680e-01
2.656087782946686957e+02 6.585960026711218385e-01
2.848035868435802058e+02 7.280302114043238904e-01
3.053855508833415797e+02 8.211876604792689438e-01
3.274549162877728463e+02 9.045028891267753446e-01
3.511191734215130964e+02 9.744123150944692391e-01
3.764935806792467474e+02 1.052306123572275265e+00
4.037017258596553688e+02 1.108913716998985555e+00
4.328761281083056929e+02 nan
4.641588833612781855e+02 nan
4.977023564332113779e+02 nan
5.336699231206312106e+02 nan
5.722367659350220492e+02 nan
6.135907273413175744e+02 nan
6.579332246575681893e+02 nan
7.054802310718645231e+02 nan
7.564633275546290179e+02 nan
8.111308307896872520e+02 nan
8.697490026177833897e+02 nan
9.326033468832199560e+02 nan
1.000000000000000000e+03 nan
