# Trapping bound for operator=T, sim_name=SFHo-18.80, lepton=e
# using approach=inverse, mfp_prescription=thermal
# Duration:	2024-07-21 12:31:04 -> 2024-07-21 12:37:24 (6.32min)
# Parameters:	sim_range=100, X_MAX=100.0, NSTEPS=50, vegas_kwargs={'nitn': 10, 'neval': 1000, 'alpha': 0.5}
# m_chi [MeV] / Lambda [TeV]
1.00e+00 2.41e-02
1.07e+00 2.41e-02
1.15e+00 2.41e-02
1.23e+00 2.41e-02
1.32e+00 2.41e-02
1.42e+00 2.41e-02
1.52e+00 2.41e-02
1.63e+00 2.42e-02
1.75e+00 2.42e-02
1.87e+00 2.42e-02
2.01e+00 2.42e-02
2.15e+00 2.42e-02
2.31e+00 2.43e-02
2.48e+00 2.43e-02
2.66e+00 2.43e-02
2.85e+00 2.44e-02
3.05e+00 2.46e-02
3.27e+00 2.47e-02
3.51e+00 2.47e-02
3.76e+00 2.48e-02
4.04e+00 2.48e-02
4.33e+00 2.49e-02
4.64e+00 2.52e-02
4.98e+00 2.53e-02
5.34e+00 2.53e-02
5.72e+00 2.57e-02
6.14e+00 2.58e-02
6.58e+00 2.61e-02
7.05e+00 2.62e-02
7.56e+00 2.65e-02
8.11e+00 2.69e-02
8.70e+00 2.72e-02
9.33e+00 2.76e-02
1.00e+01 2.80e-02
1.07e+01 2.84e-02
1.15e+01 2.88e-02
1.23e+01 2.92e-02
1.32e+01 2.99e-02
1.42e+01 3.04e-02
1.52e+01 3.11e-02
1.63e+01 3.16e-02
1.75e+01 3.24e-02
1.87e+01 3.32e-02
2.01e+01 3.41e-02
2.15e+01 3.50e-02
2.31e+01 3.59e-02
2.48e+01 3.69e-02
2.66e+01 3.83e-02
2.85e+01 3.93e-02
3.05e+01 4.04e-02
3.27e+01 4.19e-02
3.51e+01 4.31e-02
3.76e+01 4.48e-02
4.04e+01 4.66e-02
4.33e+01 4.80e-02
4.64e+01 5.01e-02
4.98e+01 5.17e-02
5.34e+01 5.34e-02
5.72e+01 5.52e-02
6.14e+01 5.73e-02
6.58e+01 5.96e-02
7.05e+01 6.10e-02
7.56e+01 6.38e-02
8.11e+01 6.55e-02
8.70e+01 6.89e-02
9.33e+01 7.10e-02
1.00e+02 7.50e-02
1.07e+02 7.74e-02
1.15e+02 8.21e-02
1.23e+02 8.50e-02
1.32e+02 9.06e-02
1.42e+02 9.39e-02
1.52e+02 1.01e-01
1.63e+02 1.04e-01
1.75e+02 1.12e-01
1.87e+02 1.17e-01
2.01e+02 1.26e-01
2.15e+02 1.31e-01
2.31e+02 1.41e-01
2.48e+02 1.47e-01
2.66e+02 1.58e-01
2.85e+02 1.65e-01
3.05e+02 1.78e-01
3.27e+02 1.92e-01
3.51e+02 2.06e-01
3.76e+02 2.21e-01
4.04e+02 2.37e-01
4.33e+02 2.52e-01
4.64e+02 nan
4.98e+02 nan
5.34e+02 nan
5.72e+02 nan
6.14e+02 nan
6.58e+02 nan
7.05e+02 nan
7.56e+02 nan
8.11e+02 nan
8.70e+02 nan
9.33e+02 nan
1.00e+03 nan
