# Trapping bound for operator=T, sim_name=SFHo-20.0, lepton=e
# using approach=inverse, mfp_prescription=thermal
# Duration:	2024-07-21 12:31:06 -> 2024-07-21 12:34:39 (3.55min)
# Parameters:	sim_range=100, X_MAX=100.0, NSTEPS=50, vegas_kwargs={'nitn': 10, 'neval': 1000, 'alpha': 0.5}
# m_chi [MeV] / Lambda [TeV]
1.00e+00 2.45e-02
1.07e+00 2.45e-02
1.15e+00 2.45e-02
1.23e+00 2.46e-02
1.32e+00 2.46e-02
1.42e+00 2.46e-02
1.52e+00 2.46e-02
1.63e+00 2.46e-02
1.75e+00 2.46e-02
1.87e+00 2.49e-02
2.01e+00 2.50e-02
2.15e+00 2.50e-02
2.31e+00 2.50e-02
2.48e+00 2.50e-02
2.66e+00 2.50e-02
2.85e+00 2.51e-02
3.05e+00 2.51e-02
3.27e+00 2.52e-02
3.51e+00 2.52e-02
3.76e+00 2.53e-02
4.04e+00 2.53e-02
4.33e+00 2.54e-02
4.64e+00 2.57e-02
4.98e+00 2.58e-02
5.34e+00 2.59e-02
5.72e+00 2.60e-02
6.14e+00 2.61e-02
6.58e+00 2.65e-02
7.05e+00 2.66e-02
7.56e+00 2.67e-02
8.11e+00 2.71e-02
8.70e+00 2.72e-02
9.33e+00 2.77e-02
1.00e+01 2.78e-02
1.07e+01 2.83e-02
1.15e+01 2.88e-02
1.23e+01 2.93e-02
1.32e+01 2.95e-02
1.42e+01 3.00e-02
1.52e+01 3.06e-02
1.63e+01 3.12e-02
1.75e+01 3.18e-02
1.87e+01 3.28e-02
2.01e+01 3.35e-02
2.15e+01 3.42e-02
2.31e+01 3.49e-02
2.48e+01 3.61e-02
2.66e+01 3.69e-02
2.85e+01 3.84e-02
3.05e+01 3.92e-02
3.27e+01 4.01e-02
3.51e+01 4.19e-02
3.76e+01 4.29e-02
4.04e+01 4.50e-02
4.33e+01 4.63e-02
4.64e+01 4.76e-02
4.98e+01 4.90e-02
5.34e+01 5.16e-02
5.72e+01 5.32e-02
6.14e+01 5.49e-02
6.58e+01 5.66e-02
7.05e+01 5.85e-02
7.56e+01 6.21e-02
8.11e+01 6.42e-02
8.70e+01 6.65e-02
9.33e+01 6.89e-02
1.00e+02 7.14e-02
1.07e+02 7.40e-02
1.15e+02 7.68e-02
1.23e+02 8.22e-02
1.32e+02 8.53e-02
1.42e+02 8.86e-02
1.52e+02 9.49e-02
1.63e+02 9.85e-02
1.75e+02 1.02e-01
1.87e+02 1.10e-01
2.01e+02 1.14e-01
2.15e+02 1.22e-01
2.31e+02 1.27e-01
2.48e+02 1.36e-01
2.66e+02 1.45e-01
2.85e+02 1.51e-01
3.05e+02 1.61e-01
3.27e+02 1.73e-01
3.51e+02 1.79e-01
3.76e+02 1.91e-01
4.04e+02 2.04e-01
4.33e+02 2.18e-01
4.64e+02 2.33e-01
4.98e+02 2.48e-01
5.34e+02 2.65e-01
5.72e+02 2.83e-01
6.14e+02 3.02e-01
6.58e+02 3.22e-01
7.05e+02 3.59e-01
7.56e+02 nan
8.11e+02 nan
8.70e+02 nan
9.33e+02 nan
1.00e+03 nan
