1.000000000000000000e+00 1.363525667114509968e-02
1.072267222010323318e+00 1.364798779347962954e-02
1.149756995397735793e+00 1.366355136511696045e-02
1.232846739442066131e+00 1.368119211900306782e-02
1.321941148466029059e+00 1.369941684960312468e-02
1.417474162926805281e+00 1.372160698811294988e-02
1.519911082952933645e+00 1.374421062818783137e-02
1.629750834620644184e+00 1.376997635743114692e-02
1.747528400007683835e+00 1.379825729190890110e-02
1.873817422860383886e+00 1.403708093538385410e-02
2.009233002565047332e+00 1.407248853976942986e-02
2.154434690031883814e+00 1.410984475441703044e-02
2.310129700083159765e+00 1.415150362474658537e-02
2.477076355991710610e+00 1.419824348972752864e-02
2.656087782946686460e+00 1.424947258013319062e-02
2.848035868435801810e+00 1.430428068232793802e-02
3.053855508833415389e+00 1.436620952635642677e-02
3.274549162877728570e+00 1.443286959623665128e-02
3.511191734215131088e+00 1.450648789025442593e-02
3.764935806792468309e+00 1.458739406486414016e-02
4.037017258596554470e+00 1.467442959130096231e-02
4.328761281083058243e+00 1.477040813674699443e-02
4.641588833612779297e+00 1.509267396528592327e-02
4.977023564332111683e+00 1.520624197489974481e-02
5.336699231206309513e+00 1.532996244446089250e-02
5.722367659350217295e+00 1.546342646374924620e-02
6.135907273413172547e+00 1.561002549527748702e-02
6.579332246575680720e+00 1.600042175077081089e-02
7.054802310718643277e+00 1.617148295689738516e-02
7.564633275546288615e+00 1.635688499802773199e-02
8.111308307896871739e+00 1.678334339856359450e-02
8.697490026177835176e+00 1.699889106438252223e-02
9.326033468832198636e+00 1.746596853689342393e-02
1.000000000000000000e+01 1.771543622454510233e-02
1.072267222010323096e+01 1.823567567306727186e-02
1.149756995397735615e+01 1.876775024499554440e-02
1.232846739442065953e+01 1.932748018814118771e-02
1.321941148466029325e+01 1.966134556368171610e-02
1.417474162926805548e+01 2.028462990000667182e-02
1.519911082952933867e+01 2.094181063910787940e-02
1.629750834620644184e+01 2.163649579379273505e-02
1.747528400007684013e+01 2.237016062208230238e-02
1.873817422860383886e+01 2.348538027663945107e-02
2.009233002565046888e+01 2.432260712540140757e-02
2.154434690031884614e+01 2.520860512817594407e-02
2.310129700083160387e+01 2.616981528540962554e-02
2.477076355991711409e+01 2.755933084394181914e-02
2.656087782946686815e+01 2.864546758992620942e-02
2.848035868435801987e+01 3.029953782492534470e-02
3.053855508833415655e+01 3.155071118810368752e-02
3.274549162877728037e+01 3.288933797195493086e-02
3.511191734215130822e+01 3.496252709171673162e-02
3.764935806792467332e+01 3.659602100690423354e-02
4.037017258596555536e+01 3.917545568927147809e-02
4.328761281083059487e+01 4.112645753779530650e-02
4.641588833612780007e+01 4.319736482593077020e-02
4.977023564332111505e+01 4.540834557698195800e-02
5.336699231206309690e+01 4.878554587499309148e-02
5.722367659350216940e+01 5.129933933880943125e-02
6.135907273413172902e+01 5.395827038065075659e-02
6.579332246575683030e+01 5.675787135238243020e-02
7.054802310718645231e+01 5.972481304722184609e-02
7.564633275546290747e+01 6.417026312675955246e-02
8.111308307896872805e+01 6.758863827789049483e-02
8.697490026177834466e+01 7.122802238070093106e-02
9.326033468832198992e+01 7.510369541806365123e-02
1.000000000000000000e+02 7.923934695727967437e-02
1.072267222010323167e+02 8.360657648237675155e-02
1.149756995397735579e+02 8.822767676164726403e-02
1.232846739442065882e+02 9.504455273144536698e-02
1.321941148466028721e+02 1.002917780315351198e-01
1.417474162926804695e+02 1.058092114134806944e-01
1.519911082952933157e+02 1.138682939534835653e-01
1.629750834620645037e+02 1.200777447562478839e-01
1.747528400007684866e+02 1.265957497422668387e-01
1.873817422860385022e+02 1.360652288919976249e-01
2.009233002565048025e+02 1.435593708982207117e-01
2.154434690031884543e+02 1.542375028942751247e-01
2.310129700083160458e+02 1.627098181762706430e-01
2.477076355991711409e+02 1.747876362658984939e-01
2.656087782946686957e+02 1.878329588090372759e-01
2.848035868435802058e+02 1.981585324701733430e-01
3.053855508833415797e+02 2.127722239228560241e-01
3.274549162877728463e+02 2.283963522272814406e-01
3.511191734215130964e+02 2.409566661464769555e-01
3.764935806792467474e+02 2.584901257659913409e-01
4.037017258596553688e+02 2.771774607078053565e-01
4.328761281083056929e+02 2.971953216199635373e-01
4.641588833612781855e+02 3.186629312207391873e-01
4.977023564332113779e+02 3.417434200768632024e-01
5.336699231206312106e+02 3.667579962726058018e-01
5.722367659350220492e+02 3.938451575596693122e-01
6.135907273413175744e+02 4.237599417369748434e-01
6.579332246575681893e+02 4.557169563106351351e-01
7.054802310718645231e+02 5.044036053170720679e-01
7.564633275546290179e+02 nan
8.111308307896872520e+02 nan
8.697490026177833897e+02 nan
9.326033468832199560e+02 nan
1.000000000000000000e+03 nan
