1.000000000000000000e+00 2.328606328502867001e-02
1.072267222010323318e+00 2.335066457851382379e-02
1.149756995397735793e+00 2.341697655005392509e-02
1.232846739442066131e+00 2.349020881156404020e-02
1.321941148466029059e+00 2.356368697826179831e-02
1.417474162926805281e+00 2.364741131593972590e-02
1.519911082952933645e+00 2.373093523605197472e-02
1.629750834620644184e+00 2.382115575209215949e-02
1.747528400007683835e+00 2.391780300548615457e-02
1.873817422860383886e+00 2.401727417915552887e-02
2.009233002565047332e+00 2.412421413723043334e-02
2.154434690031883814e+00 2.423430261459048191e-02
2.310129700083159765e+00 2.435427800825240574e-02
2.477076355991710610e+00 2.447584583432545896e-02
2.656087782946686460e+00 2.460779369094348579e-02
2.848035868435801810e+00 2.474431801100615905e-02
3.053855508833415389e+00 2.489051159235440569e-02
3.274549162877728570e+00 2.504168124829789926e-02
3.511191734215131088e+00 2.550884314803284272e-02
3.764935806792468309e+00 2.567668660895030056e-02
4.037017258596554470e+00 2.585366886620835830e-02
4.328761281083058243e+00 2.603954432147169082e-02
4.641588833612779297e+00 2.623312827401553388e-02
4.977023564332111683e+00 2.643740341979812156e-02
5.336699231206309513e+00 2.665024221667886342e-02
5.722367659350217295e+00 2.718073009791258793e-02
6.135907273413172547e+00 2.741733110635616658e-02
6.579332246575680720e+00 2.765979547158568808e-02
7.054802310718643277e+00 2.791545049296389677e-02
7.564633275546288615e+00 2.848513930977665184e-02
8.111308307896871739e+00 2.876301517761240337e-02
8.697490026177835176e+00 2.938801315840753811e-02
9.326033468832198636e+00 2.969264549498621189e-02
1.000000000000000000e+01 3.033073131520697824e-02
1.072267222010323096e+01 3.099062687487044720e-02
1.149756995397735615e+01 3.133611091884481309e-02
1.232846739442065953e+01 3.204420997049722136e-02
1.321941148466029325e+01 3.275860657148504940e-02
1.417474162926805548e+01 3.351831312607105734e-02
1.519911082952933867e+01 3.429602347904887188e-02
1.629750834620644184e+01 3.507058187328185306e-02
1.747528400007684013e+01 3.626818640054278731e-02
1.873817422860383886e+01 3.710857569716445592e-02
2.009233002565046888e+01 3.798324228734660524e-02
2.154434690031884614e+01 3.929550065075555765e-02
2.310129700083160387e+01 4.068083986624877052e-02
2.477076355991711409e+01 4.167296289181529612e-02
2.656087782946686815e+01 4.320065336573568338e-02
2.848035868435801987e+01 4.479839467466677910e-02
3.053855508833415655e+01 4.649637267089782450e-02
3.274549162877728037e+01 4.832609843702070918e-02
3.511191734215130822e+01 5.031524776119923603e-02
3.764935806792467332e+01 5.249841227094946550e-02
4.037017258596555536e+01 5.406337442572818619e-02
4.328761281083059487e+01 5.663168560134242829e-02
4.641588833612780007e+01 5.951110442254866489e-02
4.977023564332111505e+01 6.151236348603336679e-02
5.336699231206309690e+01 6.505430266331377331e-02
5.722367659350216940e+01 6.750212100448585439e-02
6.135907273413172902e+01 7.190901759245739433e-02
6.579332246575683030e+01 7.487182331535108260e-02
7.054802310718645231e+01 7.800610721295446470e-02
7.564633275546290747e+01 8.133760503689015098e-02
8.111308307896872805e+01 8.731084406704736622e-02
8.697490026177834466e+01 9.109578564664048972e-02
9.326033468832198992e+01 9.501350984253922882e-02
1.000000000000000000e+02 1.019652048380138981e-01
1.072267222010323167e+02 1.063898273337372524e-01
1.149756995397735579e+02 1.143764990302605783e-01
1.232846739442065882e+02 1.194679146887263760e-01
1.321941148466028721e+02 1.248230100325253278e-01
1.417474162926804695e+02 1.346255628982836461e-01
1.519911082952933157e+02 1.407858992741410076e-01
1.629750834620645037e+02 1.519912846037513032e-01
1.747528400007684866e+02 1.589712619565741836e-01
1.873817422860385022e+02 1.662753616882786112e-01
2.009233002565048025e+02 1.795086399494569274e-01
2.154434690031884543e+02 1.876898260811888375e-01
2.310129700083160458e+02 2.025090291133713472e-01
2.477076355991711409e+02 2.116300161460741014e-01
2.656087782946686957e+02 2.280238845337074216e-01
2.848035868435802058e+02 2.454355639089613739e-01
3.053855508833415797e+02 2.560917137831298374e-01
3.274549162877728463e+02 2.749493589965880669e-01
3.511191734215130964e+02 2.947937279122416765e-01
3.764935806792467474e+02 3.148846789595933782e-01
4.037017258596553688e+02 3.420773353396854288e-01
4.328761281083056929e+02 nan
4.641588833612781855e+02 nan
4.977023564332113779e+02 nan
5.336699231206312106e+02 nan
5.722367659350220492e+02 nan
6.135907273413175744e+02 nan
6.579332246575681893e+02 nan
7.054802310718645231e+02 nan
7.564633275546290179e+02 nan
8.111308307896872520e+02 nan
8.697490026177833897e+02 nan
9.326033468832199560e+02 nan
1.000000000000000000e+03 nan
