# Trapping bound for operator=A, sim_name=SFHo-20.0, lepton=e
# using approach=inverse, mfp_prescription=thermal
# Duration:	2024-07-21 12:31:05 -> 2024-07-21 12:34:37 (3.53min)
# Parameters:	sim_range=100, X_MAX=100.0, NSTEPS=50, vegas_kwargs={'nitn': 10, 'neval': 1000, 'alpha': 0.5}
# m_chi [MeV] / Lambda [TeV]
1.00e+00 1.53e-02
1.07e+00 1.53e-02
1.15e+00 1.53e-02
1.23e+00 1.53e-02
1.32e+00 1.53e-02
1.42e+00 1.53e-02
1.52e+00 1.53e-02
1.63e+00 1.53e-02
1.75e+00 1.53e-02
1.87e+00 1.55e-02
2.01e+00 1.55e-02
2.15e+00 1.56e-02
2.31e+00 1.56e-02
2.48e+00 1.56e-02
2.66e+00 1.56e-02
2.85e+00 1.56e-02
3.05e+00 1.57e-02
3.27e+00 1.57e-02
3.51e+00 1.57e-02
3.76e+00 1.57e-02
4.04e+00 1.58e-02
4.33e+00 1.58e-02
4.64e+00 1.60e-02
4.98e+00 1.61e-02
5.34e+00 1.61e-02
5.72e+00 1.62e-02
6.14e+00 1.63e-02
6.58e+00 1.65e-02
7.05e+00 1.66e-02
7.56e+00 1.66e-02
8.11e+00 1.69e-02
8.70e+00 1.70e-02
9.33e+00 1.73e-02
1.00e+01 1.74e-02
1.07e+01 1.77e-02
1.15e+01 1.80e-02
1.23e+01 1.83e-02
1.32e+01 1.84e-02
1.42e+01 1.87e-02
1.52e+01 1.91e-02
1.63e+01 1.94e-02
1.75e+01 1.98e-02
1.87e+01 2.05e-02
2.01e+01 2.09e-02
2.15e+01 2.13e-02
2.31e+01 2.18e-02
2.48e+01 2.25e-02
2.66e+01 2.30e-02
2.85e+01 2.39e-02
3.05e+01 2.45e-02
3.27e+01 2.50e-02
3.51e+01 2.61e-02
3.76e+01 2.68e-02
4.04e+01 2.81e-02
4.33e+01 2.89e-02
4.64e+01 2.97e-02
4.98e+01 3.05e-02
5.34e+01 3.22e-02
5.72e+01 3.32e-02
6.14e+01 3.42e-02
6.58e+01 3.53e-02
7.05e+01 3.65e-02
7.56e+01 3.88e-02
8.11e+01 4.01e-02
8.70e+01 4.15e-02
9.33e+01 4.30e-02
1.00e+02 4.46e-02
1.07e+02 4.63e-02
1.15e+02 4.80e-02
1.23e+02 5.14e-02
1.32e+02 5.33e-02
1.42e+02 5.54e-02
1.52e+02 5.94e-02
1.63e+02 6.16e-02
1.75e+02 6.40e-02
1.87e+02 6.86e-02
2.01e+02 7.12e-02
2.15e+02 7.63e-02
2.31e+02 7.93e-02
2.48e+02 8.49e-02
2.66e+02 9.09e-02
2.85e+02 9.44e-02
3.05e+02 1.01e-01
3.27e+02 1.08e-01
3.51e+02 1.12e-01
3.76e+02 1.20e-01
4.04e+02 1.28e-01
4.33e+02 1.37e-01
4.64e+02 1.46e-01
4.98e+02 1.56e-01
5.34e+02 1.66e-01
5.72e+02 1.77e-01
6.14e+02 1.89e-01
6.58e+02 2.02e-01
7.05e+02 2.25e-01
7.56e+02 nan
8.11e+02 nan
8.70e+02 nan
9.33e+02 nan
1.00e+03 nan
