# Trapping bound for operator=S, sim_name=SFHo-18.80, lepton=e
# using approach=inverse, mfp_prescription=thermal
# Duration:	2024-07-21 12:31:03 -> 2024-07-21 12:37:35 (6.55min)
# Parameters:	sim_range=100, X_MAX=100.0, NSTEPS=50, vegas_kwargs={'nitn': 10, 'neval': 1000, 'alpha': 0.5}
# m_chi [MeV] / Lambda [TeV]
1.00e+00 9.45e-03
1.07e+00 9.46e-03
1.15e+00 9.46e-03
1.23e+00 9.46e-03
1.32e+00 9.47e-03
1.42e+00 9.48e-03
1.52e+00 9.48e-03
1.63e+00 9.49e-03
1.75e+00 9.50e-03
1.87e+00 9.50e-03
2.01e+00 9.51e-03
2.15e+00 9.53e-03
2.31e+00 9.54e-03
2.48e+00 9.55e-03
2.66e+00 9.57e-03
2.85e+00 9.59e-03
3.05e+00 9.68e-03
3.27e+00 9.71e-03
3.51e+00 9.73e-03
3.76e+00 9.75e-03
4.04e+00 9.78e-03
4.33e+00 9.81e-03
4.64e+00 9.92e-03
4.98e+00 9.96e-03
5.34e+00 1.00e-02
5.72e+00 1.01e-02
6.14e+00 1.02e-02
6.58e+00 1.03e-02
7.05e+00 1.03e-02
7.56e+00 1.05e-02
8.11e+00 1.06e-02
8.70e+00 1.08e-02
9.33e+00 1.09e-02
1.00e+01 1.11e-02
1.07e+01 1.12e-02
1.15e+01 1.14e-02
1.23e+01 1.16e-02
1.32e+01 1.19e-02
1.42e+01 1.20e-02
1.52e+01 1.23e-02
1.63e+01 1.25e-02
1.75e+01 1.29e-02
1.87e+01 1.32e-02
2.01e+01 1.35e-02
2.15e+01 1.39e-02
2.31e+01 1.43e-02
2.48e+01 1.46e-02
2.66e+01 1.52e-02
2.85e+01 1.56e-02
3.05e+01 1.60e-02
3.27e+01 1.67e-02
3.51e+01 1.71e-02
3.76e+01 1.78e-02
4.04e+01 1.85e-02
4.33e+01 1.91e-02
4.64e+01 1.99e-02
4.98e+01 2.05e-02
5.34e+01 2.12e-02
5.72e+01 2.20e-02
6.14e+01 2.28e-02
6.58e+01 2.37e-02
7.05e+01 2.43e-02
7.56e+01 2.55e-02
8.11e+01 2.62e-02
8.70e+01 2.76e-02
9.33e+01 2.84e-02
1.00e+02 3.01e-02
1.07e+02 3.11e-02
1.15e+02 3.30e-02
1.23e+02 3.42e-02
1.32e+02 3.65e-02
1.42e+02 3.79e-02
1.52e+02 4.06e-02
1.63e+02 4.22e-02
1.75e+02 4.54e-02
1.87e+02 4.73e-02
2.01e+02 5.10e-02
2.15e+02 5.31e-02
2.31e+02 5.73e-02
2.48e+02 5.98e-02
2.66e+02 6.46e-02
2.85e+02 6.74e-02
3.05e+02 7.27e-02
3.27e+02 7.85e-02
3.51e+02 8.45e-02
3.76e+02 9.10e-02
4.04e+02 9.77e-02
4.33e+02 1.04e-01
4.64e+02 nan
4.98e+02 nan
5.34e+02 nan
5.72e+02 nan
6.14e+02 nan
6.58e+02 nan
7.05e+02 nan
7.56e+02 nan
8.11e+02 nan
8.70e+02 nan
9.33e+02 nan
1.00e+03 nan
