# Trapping bound for operator=T, sim_name=SFHo-20.0, lepton=e
# using approach=exact, mfp_prescription=thermal
# Duration:	2024-07-21 11:51:46 -> 2024-07-21 18:50:00 (418.23min)
# Parameters:	sim_range=100, X_MAX=100.0, NSTEPS=50, vegas_kwargs={'nitn': 10, 'neval': 1000, 'alpha': 0.5}
# m_chi [MeV] / Lambda [TeV]
1.00e+00 4.56e-02
1.07e+00 4.57e-02
1.15e+00 4.58e-02
1.23e+00 4.58e-02
1.32e+00 4.59e-02
1.42e+00 4.60e-02
1.52e+00 4.61e-02
1.63e+00 4.62e-02
1.75e+00 4.63e-02
1.87e+00 4.70e-02
2.01e+00 4.71e-02
2.15e+00 4.73e-02
2.31e+00 4.74e-02
2.48e+00 4.76e-02
2.66e+00 4.78e-02
2.85e+00 4.80e-02
3.05e+00 4.83e-02
3.27e+00 4.85e-02
3.51e+00 4.88e-02
3.76e+00 4.91e-02
4.04e+00 4.95e-02
4.33e+00 4.98e-02
4.64e+00 5.08e-02
4.98e+00 5.12e-02
5.34e+00 5.17e-02
5.72e+00 5.22e-02
6.14e+00 5.28e-02
6.58e+00 5.40e-02
7.05e+00 5.46e-02
7.56e+00 5.53e-02
8.11e+00 5.66e-02
8.70e+00 5.74e-02
9.33e+00 5.89e-02
1.00e+01 5.99e-02
1.07e+01 6.15e-02
1.15e+01 6.32e-02
1.23e+01 6.51e-02
1.32e+01 6.63e-02
1.42e+01 6.83e-02
1.52e+01 7.05e-02
1.63e+01 7.27e-02
1.75e+01 7.51e-02
1.87e+01 7.85e-02
2.01e+01 8.12e-02
2.15e+01 8.41e-02
2.31e+01 8.71e-02
2.48e+01 9.14e-02
2.66e+01 9.48e-02
2.85e+01 9.97e-02
3.05e+01 1.04e-01
3.27e+01 1.08e-01
3.51e+01 1.14e-01
3.76e+01 1.19e-01
4.04e+01 1.26e-01
4.33e+01 1.31e-01
4.64e+01 1.37e-01
4.98e+01 1.43e-01
5.34e+01 1.53e-01
5.72e+01 1.60e-01
6.14e+01 1.67e-01
6.58e+01 1.76e-01
7.05e+01 1.84e-01
7.56e+01 1.97e-01
8.11e+01 2.07e-01
8.70e+01 2.17e-01
9.33e+01 2.28e-01
1.00e+02 2.40e-01
1.07e+02 2.53e-01
1.15e+02 2.66e-01
1.23e+02 2.85e-01
1.32e+02 3.00e-01
1.42e+02 3.16e-01
1.52e+02 3.39e-01
1.63e+02 3.58e-01
1.75e+02 3.77e-01
1.87e+02 4.04e-01
2.01e+02 4.26e-01
2.15e+02 4.58e-01
2.31e+02 4.83e-01
2.48e+02 5.18e-01
2.66e+02 5.56e-01
2.85e+02 5.87e-01
3.05e+02 6.30e-01
3.27e+02 6.76e-01
3.51e+02 7.13e-01
3.76e+02 7.66e-01
4.04e+02 8.21e-01
4.33e+02 8.81e-01
4.64e+02 9.45e-01
4.98e+02 1.01e+00
5.34e+02 1.09e+00
5.72e+02 1.17e+00
6.14e+02 1.25e+00
6.58e+02 1.34e+00
7.05e+02 1.48e+00
7.56e+02 nan
8.11e+02 nan
8.70e+02 nan
9.33e+02 nan
1.00e+03 nan
