1.000000000000000000e+00 3.493614956083814643e-02
1.072267222010323318e+00 3.496748434324837423e-02
1.149756995397735793e+00 3.500776953864048052e-02
1.232846739442066131e+00 3.504997326379103578e-02
1.321941148466029059e+00 3.509426453716662370e-02
1.417474162926805281e+00 3.514611433337119784e-02
1.519911082952933645e+00 3.520508189930037640e-02
1.629750834620644184e+00 3.526685213957942572e-02
1.747528400007683835e+00 3.533660611223575498e-02
1.873817422860383886e+00 3.596746428550916252e-02
2.009233002565047332e+00 3.605254127947408321e-02
2.154434690031883814e+00 3.614516493511302914e-02
2.310129700083159765e+00 3.624858915259596137e-02
2.477076355991710610e+00 3.636181443390671536e-02
2.656087782946686460e+00 3.648375535188522201e-02
2.848035868435801810e+00 3.662016733441799538e-02
3.053855508833415389e+00 3.677052278170219596e-02
3.274549162877728570e+00 3.693177077126790636e-02
3.511191734215131088e+00 3.711301451227162068e-02
3.764935806792468309e+00 3.730760267809297287e-02
4.037017258596554470e+00 3.751688519185354675e-02
4.328761281083058243e+00 3.775168743294067542e-02
4.641588833612779297e+00 3.858832640143534248e-02
4.977023564332111683e+00 3.886115189966256322e-02
5.336699231206309513e+00 3.915750639600791561e-02
5.722367659350217295e+00 3.948222154021262253e-02
6.135907273413172547e+00 3.983265696328242705e-02
6.579332246575680720e+00 4.083909520490616035e-02
7.054802310718643277e+00 4.124910187458553229e-02
7.564633275546288615e+00 4.169108018635461071e-02
8.111308307896871739e+00 4.277940313684533424e-02
8.697490026177835176e+00 4.329348343293643736e-02
9.326033468832198636e+00 4.448132677248951838e-02
1.000000000000000000e+01 4.508235627609031432e-02
1.072267222010323096e+01 4.639125755297517778e-02
1.149756995397735615e+01 4.773065260561380752e-02
1.232846739442065953e+01 4.913900851701177158e-02
1.321941148466029325e+01 4.993696284400774010e-02
1.417474162926805548e+01 5.149682419782840304e-02
1.519911082952933867e+01 5.314191611920718317e-02
1.629750834620644184e+01 5.488207064303191746e-02
1.747528400007684013e+01 5.670715748403402229e-02
1.873817422860383886e+01 5.954247721737334492e-02
2.009233002565046888e+01 6.161905289196680652e-02
2.154434690031884614e+01 6.382273953162578839e-02
2.310129700083160387e+01 6.620593436786670338e-02
2.477076355991711409e+01 6.971707980846142405e-02
2.656087782946686815e+01 7.240420747211374908e-02
2.848035868435801987e+01 7.657068100719023607e-02
3.053855508833415655e+01 7.966110439747453587e-02
3.274549162877728037e+01 8.296993919884487756e-02
3.511191734215130822e+01 8.817124973689953460e-02
3.764935806792467332e+01 9.219755881728189384e-02
4.037017258596555536e+01 9.867265700519561866e-02
4.328761281083059487e+01 1.034936050015961007e-01
4.641588833612780007e+01 1.085849039526504550e-01
4.977023564332111505e+01 1.140175525036915410e-01
5.336699231206309690e+01 1.224472748819914053e-01
5.722367659350216940e+01 1.286241284585229738e-01
6.135907273413172902e+01 1.351203670018939762e-01
6.579332246575683030e+01 1.419659687910671819e-01
7.054802310718645231e+01 1.492054935675618810e-01
7.564633275546290747e+01 1.600848633698145340e-01
8.111308307896872805e+01 1.683376587198723018e-01
8.697490026177834466e+01 1.771269232063846233e-01
9.326033468832198992e+01 1.864476840122584744e-01
1.000000000000000000e+02 1.963713148676742848e-01
1.072267222010323167e+02 2.069185968450845958e-01
1.149756995397735579e+02 2.179872763762542021e-01
1.232846739442065882e+02 2.345369625618593801e-01
1.321941148466028721e+02 2.471284269161430625e-01
1.417474162926804695e+02 2.604046858443872514e-01
1.519911082952933157e+02 2.800321890243243073e-01
1.629750834620645037e+02 2.949041095274422819e-01
1.747528400007684866e+02 3.105605360796248604e-01
1.873817422860385022e+02 3.335851193653567304e-01
2.009233002565048025e+02 3.515696314170915215e-01
2.154434690031884543e+02 3.774621687677853776e-01
2.310129700083160458e+02 3.977278507412839725e-01
2.477076355991711409e+02 4.269134800009464215e-01
2.656087782946686957e+02 4.584801000359943757e-01
2.848035868435802058e+02 4.831914595223128495e-01
3.053855508833415797e+02 5.185510069214731566e-01
3.274549162877728463e+02 5.562996917557319065e-01
3.511191734215130964e+02 5.864266177406144420e-01
3.764935806792467474e+02 6.287923374842148139e-01
4.037017258596553688e+02 6.739378556394689523e-01
4.328761281083056929e+02 7.221939392864019647e-01
4.641588833612781855e+02 7.737948857859040519e-01
4.977023564332113779e+02 8.288649773742021720e-01
5.336699231206312106e+02 8.885050076555727205e-01
5.722367659350220492e+02 9.526402131847591104e-01
6.135907273413175744e+02 1.022463266790627490e+00
6.579332246575681893e+02 1.096881864807862650e+00
7.054802310718645231e+02 1.205108196131367215e+00
7.564633275546290179e+02 nan
8.111308307896872520e+02 nan
8.697490026177833897e+02 nan
9.326033468832199560e+02 nan
1.000000000000000000e+03 nan
