# Trapping bound for operator=A, sim_name=SFHo-18.80, lepton=e
# using approach=inverse, mfp_prescription=thermal
# Duration:	2024-07-21 12:31:01 -> 2024-07-21 12:34:18 (3.28min)
# Parameters:	sim_range=100, X_MAX=100.0, NSTEPS=50, vegas_kwargs={'nitn': 10, 'neval': 1000, 'alpha': 0.5}
# m_chi [MeV] / Lambda [TeV]
1.00e+00 1.50e-02
1.07e+00 1.50e-02
1.15e+00 1.50e-02
1.23e+00 1.50e-02
1.32e+00 1.50e-02
1.42e+00 1.50e-02
1.52e+00 1.50e-02
1.63e+00 1.50e-02
1.75e+00 1.50e-02
1.87e+00 1.50e-02
2.01e+00 1.50e-02
2.15e+00 1.51e-02
2.31e+00 1.51e-02
2.48e+00 1.51e-02
2.66e+00 1.51e-02
2.85e+00 1.51e-02
3.05e+00 1.53e-02
3.27e+00 1.53e-02
3.51e+00 1.54e-02
3.76e+00 1.54e-02
4.04e+00 1.54e-02
4.33e+00 1.55e-02
4.64e+00 1.57e-02
4.98e+00 1.57e-02
5.34e+00 1.58e-02
5.72e+00 1.60e-02
6.14e+00 1.60e-02
6.58e+00 1.62e-02
7.05e+00 1.63e-02
7.56e+00 1.65e-02
8.11e+00 1.67e-02
8.70e+00 1.69e-02
9.33e+00 1.72e-02
1.00e+01 1.74e-02
1.07e+01 1.77e-02
1.15e+01 1.79e-02
1.23e+01 1.82e-02
1.32e+01 1.86e-02
1.42e+01 1.89e-02
1.52e+01 1.94e-02
1.63e+01 1.97e-02
1.75e+01 2.02e-02
1.87e+01 2.07e-02
2.01e+01 2.12e-02
2.15e+01 2.18e-02
2.31e+01 2.24e-02
2.48e+01 2.30e-02
2.66e+01 2.38e-02
2.85e+01 2.45e-02
3.05e+01 2.51e-02
3.27e+01 2.61e-02
3.51e+01 2.68e-02
3.76e+01 2.79e-02
4.04e+01 2.90e-02
4.33e+01 2.99e-02
4.64e+01 3.12e-02
4.98e+01 3.22e-02
5.34e+01 3.32e-02
5.72e+01 3.44e-02
6.14e+01 3.57e-02
6.58e+01 3.71e-02
7.05e+01 3.80e-02
7.56e+01 3.97e-02
8.11e+01 4.08e-02
8.70e+01 4.29e-02
9.33e+01 4.42e-02
1.00e+02 4.68e-02
1.07e+02 4.83e-02
1.15e+02 5.12e-02
1.23e+02 5.30e-02
1.32e+02 5.65e-02
1.42e+02 5.86e-02
1.52e+02 6.28e-02
1.63e+02 6.52e-02
1.75e+02 7.00e-02
1.87e+02 7.29e-02
2.01e+02 7.85e-02
2.15e+02 8.17e-02
2.31e+02 8.81e-02
2.48e+02 9.18e-02
2.66e+02 9.90e-02
2.85e+02 1.03e-01
3.05e+02 1.11e-01
3.27e+02 1.20e-01
3.51e+02 1.29e-01
3.76e+02 1.39e-01
4.04e+02 1.48e-01
4.33e+02 1.58e-01
4.64e+02 nan
4.98e+02 nan
5.34e+02 nan
5.72e+02 nan
6.14e+02 nan
6.58e+02 nan
7.05e+02 nan
7.56e+02 nan
8.11e+02 nan
8.70e+02 nan
9.33e+02 nan
1.00e+03 nan
