1.000000000000000000e+00 2.027709906147592833e-02
1.072267222010323318e+00 2.030216788467522487e-02
1.149756995397735793e+00 2.032701463817490617e-02
1.232846739442066131e+00 2.035567434507630155e-02
1.321941148466029059e+00 2.038641031482169019e-02
1.417474162926805281e+00 2.042237376803228768e-02
1.519911082952933645e+00 2.046077449539555546e-02
1.629750834620644184e+00 2.050328312947265891e-02
1.747528400007683835e+00 2.054986276391063821e-02
1.873817422860383886e+00 2.060217321562055753e-02
2.009233002565047332e+00 2.065931238537551534e-02
2.154434690031883814e+00 2.072051714933563840e-02
2.310129700083159765e+00 2.079035125727658403e-02
2.477076355991710610e+00 2.086467018818721417e-02
2.656087782946686460e+00 2.094732431609905993e-02
2.848035868435801810e+00 2.103728745497435507e-02
3.053855508833415389e+00 2.135984668265363332e-02
3.274549162877728570e+00 2.146812621212453032e-02
3.511191734215131088e+00 2.158559765302819553e-02
3.764935806792468309e+00 2.171245330123791964e-02
4.037017258596554470e+00 2.185253217237958373e-02
4.328761281083058243e+00 2.200267516123473668e-02
4.641588833612779297e+00 2.239214662605437320e-02
4.977023564332111683e+00 2.257229118657096134e-02
5.336699231206309513e+00 2.276663693055614238e-02
5.722367659350217295e+00 2.322231961364556660e-02
6.135907273413172547e+00 2.344889774517461625e-02
6.579332246575680720e+00 2.392923177514150873e-02
7.054802310718643277e+00 2.419320709722774104e-02
7.564633275546288615e+00 2.473286486702125017e-02
8.111308307896871739e+00 2.529147875116272495e-02
8.697490026177835176e+00 2.586184557181661278e-02
9.326033468832198636e+00 2.649005326287467987e-02
1.000000000000000000e+01 2.713268404287020805e-02
1.072267222010323096e+01 2.781662273925979839e-02
1.149756995397735615e+01 2.853855919082215128e-02
1.232846739442065953e+01 2.927935082776051551e-02
1.321941148466029325e+01 3.037961029251542641e-02
1.417474162926805548e+01 3.119721823328122645e-02
1.519911082952933867e+01 3.239137822859825683e-02
1.629750834620644184e+01 3.332003613580115237e-02
1.747528400007684013e+01 3.462970243819226551e-02
1.873817422860383886e+01 3.602847673215329311e-02
2.009233002565046888e+01 3.748030604596779003e-02
2.154434690031884614e+01 3.899297570500941112e-02
2.310129700083160387e+01 4.059218193023030746e-02
2.477076355991711409e+01 4.226884606655044452e-02
2.656087782946686815e+01 4.443440481322218083e-02
2.848035868435801987e+01 4.626142809030231451e-02
3.053855508833415655e+01 4.818610276817870269e-02
3.274549162877728037e+01 5.066233065153304127e-02
3.511191734215130822e+01 5.283513064916985774e-02
3.764935806792467332e+01 5.567622748651518405e-02
4.037017258596555536e+01 5.874478853525589434e-02
4.328761281083059487e+01 6.147234210827765000e-02
4.641588833612780007e+01 6.515233807782501441e-02
4.977023564332111505e+01 6.848843659873012080e-02
5.336699231206309690e+01 7.220205710730823179e-02
5.722367659350216940e+01 7.628269405568163797e-02
6.135907273413172902e+01 8.087202826602551964e-02
6.579332246575683030e+01 8.606913126156734428e-02
7.054802310718645231e+01 9.024656059971292166e-02
7.564633275546290747e+01 9.666977256732854629e-02
8.111308307896872805e+01 1.016966648775555621e-01
8.697490026177834466e+01 1.095261318863307576e-01
9.326033468832198992e+01 1.154560292639038033e-01
1.000000000000000000e+02 1.245145709300641002e-01
1.072267222010323167e+02 1.313042873550867295e-01
1.149756995397735579e+02 1.415736019442930260e-01
1.232846739442065882e+02 1.493564941648354016e-01
1.321941148466028721e+02 1.613015805744726361e-01
1.417474162926804695e+02 1.704027897394654045e-01
1.519911082952933157e+02 1.844342504840487118e-01
1.629750834620645037e+02 1.950926887802247600e-01
1.747528400007684866e+02 2.115250646184923533e-01
1.873817422860385022e+02 2.239134964774767977e-01
2.009233002565048025e+02 2.427867450410030881e-01
2.154434690031884543e+02 2.570174626033423504e-01
2.310129700083160458e+02 2.785758666902213299e-01
2.477076355991711409e+02 2.949107095408232682e-01
2.656087782946686957e+02 3.193119375504495649e-01
2.848035868435802058e+02 3.379000740760761956e-01
3.053855508833415797e+02 3.654619967149845272e-01
3.274549162877728463e+02 3.946676240160133520e-01
3.511191734215130964e+02 4.257184301278872929e-01
3.764935806792467474e+02 4.584357805421594434e-01
4.037017258596553688e+02 4.923396894328063156e-01
4.328761281083056929e+02 5.253592148249121019e-01
4.641588833612781855e+02 nan
4.977023564332113779e+02 nan
5.336699231206312106e+02 nan
5.722367659350220492e+02 nan
6.135907273413175744e+02 nan
6.579332246575681893e+02 nan
7.054802310718645231e+02 nan
7.564633275546290179e+02 nan
8.111308307896872520e+02 nan
8.697490026177833897e+02 nan
9.326033468832199560e+02 nan
1.000000000000000000e+03 nan
