1.000000000000000000e+00 6.090121453563986792e-02
1.072267222010323318e+00 6.107300702861957753e-02
1.149756995397735793e+00 6.124875923341033951e-02
1.232846739442066131e+00 6.143419599110390428e-02
1.321941148466029059e+00 6.163776029565164183e-02
1.417474162926805281e+00 6.184406086204720376e-02
1.519911082952933645e+00 6.206121418633604725e-02
1.629750834620644184e+00 6.229518737997789823e-02
1.747528400007683835e+00 6.254711490283032527e-02
1.873817422860383886e+00 6.280801236957675449e-02
2.009233002565047332e+00 6.308437378544019813e-02
2.154434690031883814e+00 6.337249140675003944e-02
2.310129700083159765e+00 6.367872243262680254e-02
2.477076355991710610e+00 6.399682547564185253e-02
2.656087782946686460e+00 6.432868031099926720e-02
2.848035868435801810e+00 6.468606896074304002e-02
3.053855508833415389e+00 6.505917908689416718e-02
3.274549162877728570e+00 6.545443022455969817e-02
3.511191734215131088e+00 6.668628489356222266e-02
3.764935806792468309e+00 6.712025736998307457e-02
4.037017258596554470e+00 6.757215161065678599e-02
4.328761281083058243e+00 6.804945233845509367e-02
4.641588833612779297e+00 6.854418746553912756e-02
4.977023564332111683e+00 6.906521536422553786e-02
5.336699231206309513e+00 6.961594617303018540e-02
5.722367659350217295e+00 7.100065240416721102e-02
6.135907273413172547e+00 7.159695496441909057e-02
6.579332246575680720e+00 7.221457990184435016e-02
7.054802310718643277e+00 7.286759990431435074e-02
7.564633275546288615e+00 7.435297957955773474e-02
8.111308307896871739e+00 7.505686235768949111e-02
8.697490026177835176e+00 7.667585840300648881e-02
9.326033468832198636e+00 7.744885008336781229e-02
1.000000000000000000e+01 7.909948852679618558e-02
1.072267222010323096e+01 8.082050152061794057e-02
1.149756995397735615e+01 8.168626463714555308e-02
1.232846739442065953e+01 8.352546125315744863e-02
1.321941148466029325e+01 8.536889069821913811e-02
1.417474162926805548e+01 8.733041938329089149e-02
1.519911082952933867e+01 8.933311026536622235e-02
1.629750834620644184e+01 9.132244290407835752e-02
1.747528400007684013e+01 9.444439360416144458e-02
1.873817422860383886e+01 9.659563998900128068e-02
2.009233002565046888e+01 9.883867625446784988e-02
2.154434690031884614e+01 1.022587319613443985e-01
2.310129700083160387e+01 1.058347350528958536e-01
2.477076355991711409e+01 1.083669699204377057e-01
2.656087782946686815e+01 1.123140532102554212e-01
2.848035868435801987e+01 1.164481648006676084e-01
3.053855508833415655e+01 1.208421418001851266e-01
3.274549162877728037e+01 1.255759380832079941e-01
3.511191734215130822e+01 1.306855438725223195e-01
3.764935806792467332e+01 1.362861605797972830e-01
4.037017258596555536e+01 1.402487945496650457e-01
4.328761281083059487e+01 1.468556028400632152e-01
4.641588833612780007e+01 1.542166638207207452e-01
4.977023564332111505e+01 1.592811207467887402e-01
5.336699231206309690e+01 1.682821015219708172e-01
5.722367659350216940e+01 1.744552043302562416e-01
6.135907273413172902e+01 1.856468313963821615e-01
6.579332246575683030e+01 1.930807327141524088e-01
7.054802310718645231e+01 2.009625865464438332e-01
7.564633275546290747e+01 2.092589938563045038e-01
8.111308307896872805e+01 2.243253163581313547e-01
8.697490026177834466e+01 2.337650153279485221e-01
9.326033468832198992e+01 2.435325237233861850e-01
1.000000000000000000e+02 2.610395209172061692e-01
1.072267222010323167e+02 2.720681626080981852e-01
1.149756995397735579e+02 2.921842507106394704e-01
1.232846739442065882e+02 3.048543731788137534e-01
1.321941148466028721e+02 3.182497784540651020e-01
1.417474162926804695e+02 3.427925856570753216e-01
1.519911082952933157e+02 3.581586681592648369e-01
1.629750834620645037e+02 3.863041338385784784e-01
1.747528400007684866e+02 4.036036137966579340e-01
1.873817422860385022e+02 4.217274641966878290e-01
2.009233002565048025e+02 4.547571405703733083e-01
2.154434690031884543e+02 4.749427491126152479e-01
2.310129700083160458e+02 5.117752852833759025e-01
2.477076355991711409e+02 5.341263741528501363e-01
2.656087782946686957e+02 5.746141760091171280e-01
2.848035868435802058e+02 6.173011974545241642e-01
3.053855508833415797e+02 6.432081963292333171e-01
3.274549162877728463e+02 6.890632393650193421e-01
3.511191734215130964e+02 7.367354832642796225e-01
3.764935806792467474e+02 7.849110318322555235e-01
4.037017258596553688e+02 8.471579026134667956e-01
4.328761281083056929e+02 nan
4.641588833612781855e+02 nan
4.977023564332113779e+02 nan
5.336699231206312106e+02 nan
5.722367659350220492e+02 nan
6.135907273413175744e+02 nan
6.579332246575681893e+02 nan
7.054802310718645231e+02 nan
7.564633275546290179e+02 nan
8.111308307896872520e+02 nan
8.697490026177833897e+02 nan
9.326033468832199560e+02 nan
1.000000000000000000e+03 nan
