1.000000000000000000e+00 2.035403469560001857e-02
1.072267222010323318e+00 2.037672455311505954e-02
1.149756995397735793e+00 2.040135330207601058e-02
1.232846739442066131e+00 2.042936895616943860e-02
1.321941148466029059e+00 2.046136620949676882e-02
1.417474162926805281e+00 2.049556504272845650e-02
1.519911082952933645e+00 2.053343294149521589e-02
1.629750834620644184e+00 2.057537675969773466e-02
1.747528400007683835e+00 2.062221681678700486e-02
1.873817422860383886e+00 2.067337793048227429e-02
2.009233002565047332e+00 2.072883888015342874e-02
2.154434690031883814e+00 2.079120890447640549e-02
2.310129700083159765e+00 2.086080032892140626e-02
2.477076355991710610e+00 2.093397871155079290e-02
2.656087782946686460e+00 2.101327997470509718e-02
2.848035868435801810e+00 2.110446602184024023e-02
3.053855508833415389e+00 2.142819020704200481e-02
3.274549162877728570e+00 2.153344229858824774e-02
3.511191734215131088e+00 2.165143296328404104e-02
3.764935806792468309e+00 2.177795742998809431e-02
4.037017258596554470e+00 2.191651208271606574e-02
4.328761281083058243e+00 2.206683766957562992e-02
4.641588833612779297e+00 2.245711772113339819e-02
4.977023564332111683e+00 2.263765622978067271e-02
5.336699231206309513e+00 2.282829646584994335e-02
5.722367659350217295e+00 2.328520067326129983e-02
6.135907273413172547e+00 2.351233180059832117e-02
6.579332246575680720e+00 2.399158316050526568e-02
7.054802310718643277e+00 2.425359832846652949e-02
7.564633275546288615e+00 2.479628374904872118e-02
8.111308307896871739e+00 2.535351504607341599e-02
8.697490026177835176e+00 2.592413754903115375e-02
9.326033468832198636e+00 2.655335242582041247e-02
1.000000000000000000e+01 2.719649534758165899e-02
1.072267222010323096e+01 2.787961143103408548e-02
1.149756995397735615e+01 2.860234999548533566e-02
1.232846739442065953e+01 2.934414127142901882e-02
1.321941148466029325e+01 3.044615631421141236e-02
1.417474162926805548e+01 3.126350247540343741e-02
1.519911082952933867e+01 3.245935726839292712e-02
1.629750834620644184e+01 3.338708571422579346e-02
1.747528400007684013e+01 3.470016308129801608e-02
1.873817422860383886e+01 3.609950847959744746e-02
2.009233002565046888e+01 3.755366163682336694e-02
2.154434690031884614e+01 3.906666957653498473e-02
2.310129700083160387e+01 4.067099016403489392e-02
2.477076355991711409e+01 4.234533866080147230e-02
2.656087782946686815e+01 4.451520069694090559e-02
2.848035868435801987e+01 4.634530040708900733e-02
3.053855508833415655e+01 4.827142677543210664e-02
3.274549162877728037e+01 5.075063500167836111e-02
3.511191734215130822e+01 5.292191963401606664e-02
3.764935806792467332e+01 5.577035638083559926e-02
4.037017258596555536e+01 5.883617512265937322e-02
4.328761281083059487e+01 6.157698706198157929e-02
4.641588833612780007e+01 6.524929923791200626e-02
4.977023564332111505e+01 6.858950669895098884e-02
5.336699231206309690e+01 7.231853955320009797e-02
5.722367659350216940e+01 7.640213656095333483e-02
6.135907273413172902e+01 8.099191273148202697e-02
6.579332246575683030e+01 8.620507760863831137e-02
7.054802310718645231e+01 9.036895392202921873e-02
7.564633275546290747e+01 9.681341290644933373e-02
8.111308307896872805e+01 1.018435407593996922e-01
8.697490026177834466e+01 1.096742402229226865e-01
9.326033468832198992e+01 1.155957414459667237e-01
1.000000000000000000e+02 1.246790622418823408e-01
1.072267222010323167e+02 1.314747628218330411e-01
1.149756995397735579e+02 1.417603934727212078e-01
1.232846739442065882e+02 1.495716913286436189e-01
1.321941148466028721e+02 1.615050430885623112e-01
1.417474162926804695e+02 1.706192850412839856e-01
1.519911082952933157e+02 1.846814021113034610e-01
1.629750834620645037e+02 1.953295723199900968e-01
1.747528400007684866e+02 2.117819071799787733e-01
1.873817422860385022e+02 2.241650691642628201e-01
2.009233002565048025e+02 2.430459821725615144e-01
2.154434690031884543e+02 2.573131999148722815e-01
2.310129700083160458e+02 2.788709747631167302e-01
2.477076355991711409e+02 2.952167500185390314e-01
2.656087782946686957e+02 3.196691759327823235e-01
2.848035868435802058e+02 3.382698213623010486e-01
3.053855508833415797e+02 3.657795688760260844e-01
3.274549162877728463e+02 3.951123858336159089e-01
3.511191734215130964e+02 4.260902478801005255e-01
3.764935806792467474e+02 4.588988354529277558e-01
4.037017258596553688e+02 4.928080409448784560e-01
4.328761281083056929e+02 5.259026884162728566e-01
4.641588833612781855e+02 nan
4.977023564332113779e+02 nan
5.336699231206312106e+02 nan
5.722367659350220492e+02 nan
6.135907273413175744e+02 nan
6.579332246575681893e+02 nan
7.054802310718645231e+02 nan
7.564633275546290179e+02 nan
8.111308307896872520e+02 nan
8.697490026177833897e+02 nan
9.326033468832199560e+02 nan
1.000000000000000000e+03 nan
