1.000000000000000000e+00 2.167470853531483499e-02
1.072267222010323318e+00 2.169570560698763639e-02
1.149756995397735793e+00 2.171961899715437946e-02
1.232846739442066131e+00 2.174479920870629052e-02
1.321941148466029059e+00 2.177498800362837744e-02
1.417474162926805281e+00 2.180634569819209223e-02
1.519911082952933645e+00 2.184286163363738376e-02
1.629750834620644184e+00 2.188228027380180116e-02
1.747528400007683835e+00 2.192591427176896965e-02
1.873817422860383886e+00 2.231570093142235325e-02
2.009233002565047332e+00 2.236819081184401523e-02
2.154434690031883814e+00 2.242629434755168474e-02
2.310129700083159765e+00 2.249227422649425698e-02
2.477076355991710610e+00 2.256178133760790641e-02
2.656087782946686460e+00 2.263922197123418439e-02
2.848035868435801810e+00 2.272328415469763649e-02
3.053855508833415389e+00 2.281746514417400812e-02
3.274549162877728570e+00 2.291892696974849250e-02
3.511191734215131088e+00 2.303143679650050679e-02
3.764935806792468309e+00 2.315167363396315389e-02
4.037017258596554470e+00 2.328679334426119601e-02
4.328761281083058243e+00 2.343048599576303542e-02
4.641588833612779297e+00 2.394855342455096472e-02
4.977023564332111683e+00 2.412130382770613299e-02
5.336699231206309513e+00 2.430877446386414328e-02
5.722367659350217295e+00 2.451240091900242640e-02
6.135907273413172547e+00 2.473021271116058670e-02
6.579332246575680720e+00 2.535301052323372592e-02
7.054802310718643277e+00 2.560999126533848591e-02
7.564633275546288615e+00 2.588819361651947815e-02
8.111308307896871739e+00 2.656355243173073519e-02
8.697490026177835176e+00 2.688757371246376301e-02
9.326033468832198636e+00 2.762488182537875883e-02
1.000000000000000000e+01 2.800044599053345962e-02
1.072267222010323096e+01 2.881653404007869165e-02
1.149756995397735615e+01 2.964954696185168395e-02
1.232846739442065953e+01 3.052721846298729266e-02
1.321941148466029325e+01 3.102722033135940985e-02
1.417474162926805548e+01 3.199956970037860782e-02
1.519911082952933867e+01 3.302293779108301380e-02
1.629750834620644184e+01 3.410825971330799095e-02
1.747528400007684013e+01 3.524331971383379281e-02
1.873817422860383886e+01 3.700760677992955688e-02
2.009233002565046888e+01 3.829571255903298915e-02
2.154434690031884614e+01 3.967619403113593207e-02
2.310129700083160387e+01 4.116053985918925046e-02
2.477076355991711409e+01 4.334293710009097522e-02
2.656087782946686815e+01 4.502017637493380131e-02
2.848035868435801987e+01 4.761197008962168159e-02
3.053855508833415655e+01 4.954493646275204971e-02
3.274549162877728037e+01 5.160391793765719409e-02
3.511191734215130822e+01 5.484444453202184933e-02
3.764935806792467332e+01 5.736202344550212634e-02
4.037017258596555536e+01 6.139592920225743489e-02
4.328761281083059487e+01 6.439830654558824363e-02
4.641588833612780007e+01 6.758586991964442292e-02
4.977023564332111505e+01 7.098072642899377893e-02
5.336699231206309690e+01 7.623166432531637560e-02
5.722367659350216940e+01 8.008077963163505453e-02
6.135907273413172902e+01 8.414570837252872970e-02
6.579332246575683030e+01 8.842732405140456275e-02
7.054802310718645231e+01 9.295943072716995881e-02
7.564633275546290747e+01 9.976034113329794450e-02
8.111308307896872805e+01 1.049485894672846920e-01
8.697490026177834466e+01 1.104461807263621975e-01
9.326033468832198992e+01 1.162993659328080409e-01
1.000000000000000000e+02 1.225215157798603960e-01
1.072267222010323167e+02 1.291231966327085201e-01
1.149756995397735579e+02 1.360779409875240709e-01
1.232846739442065882e+02 1.464380151141310982e-01
1.321941148466028721e+02 1.543243869013690150e-01
1.417474162926804695e+02 1.626696538610113152e-01
1.519911082952933157e+02 1.749470873609690891e-01
1.629750834620645037e+02 1.842919460538320620e-01
1.747528400007684866e+02 1.941197457011300809e-01
1.873817422860385022e+02 2.085287684611875358e-01
2.009233002565048025e+02 2.197860595579597121e-01
2.154434690031884543e+02 2.360229473002470324e-01
2.310129700083160458e+02 2.487543745575999110e-01
2.477076355991711409e+02 2.670612936770940804e-01
2.656087782946686957e+02 2.868247326795920760e-01
2.848035868435802058e+02 3.023260636464840112e-01
3.053855508833415797e+02 3.244661285842535547e-01
3.274549162877728463e+02 3.481525540250844375e-01
3.511191734215130964e+02 3.670539562506628939e-01
3.764935806792467474e+02 3.936055528220158695e-01
4.037017258596553688e+02 4.219330319326708434e-01
4.328761281083056929e+02 4.521673863307325569e-01
4.641588833612781855e+02 4.845304769231821851e-01
4.977023564332113779e+02 5.191934342623600873e-01
5.336699231206312106e+02 5.565938732967837810e-01
5.722367659350220492e+02 5.969388775885446918e-01
6.135907273413175744e+02 6.409982929935890139e-01
6.579332246575681893e+02 6.880296991236053428e-01
7.054802310718645231e+02 7.569480051091497241e-01
7.564633275546290179e+02 nan
8.111308307896872520e+02 nan
8.697490026177833897e+02 nan
9.326033468832199560e+02 nan
1.000000000000000000e+03 nan
