1.000000000000000000e+00 2.167963219440430592e-02
1.072267222010323318e+00 2.169950545220441021e-02
1.149756995397735793e+00 2.172273276971109501e-02
1.232846739442066131e+00 2.175148521357177581e-02
1.321941148466029059e+00 2.177998369644062321e-02
1.417474162926805281e+00 2.181185145140284581e-02
1.519911082952933645e+00 2.184583726805937667e-02
1.629750834620644184e+00 2.188643719726330455e-02
1.747528400007683835e+00 2.193135129473111969e-02
1.873817422860383886e+00 2.231835839675660321e-02
2.009233002565047332e+00 2.237251454080057753e-02
2.154434690031883814e+00 2.242994240788931393e-02
2.310129700083159765e+00 2.249552418293751868e-02
2.477076355991710610e+00 2.256676081562448630e-02
2.656087782946686460e+00 2.264159870545586969e-02
2.848035868435801810e+00 2.273033877806028905e-02
3.053855508833415389e+00 2.282025865000285314e-02
3.274549162877728570e+00 2.292468765812799916e-02
3.511191734215131088e+00 2.303381816670380111e-02
3.764935806792468309e+00 2.315598132166651543e-02
4.037017258596554470e+00 2.328947212292193855e-02
4.328761281083058243e+00 2.343640403854963666e-02
4.641588833612779297e+00 2.395274812822143981e-02
4.977023564332111683e+00 2.412397036215864835e-02
5.336699231206309513e+00 2.431151483406518432e-02
5.722367659350217295e+00 2.451392705647616188e-02
6.135907273413172547e+00 2.473239633083070682e-02
6.579332246575680720e+00 2.535598906600949193e-02
7.054802310718643277e+00 2.561412208197878793e-02
7.564633275546288615e+00 2.589338547627634962e-02
8.111308307896871739e+00 2.656875108026220469e-02
8.697490026177835176e+00 2.689080898590910998e-02
9.326033468832198636e+00 2.762684865660496383e-02
1.000000000000000000e+01 2.800104939333297044e-02
1.072267222010323096e+01 2.881829203691534114e-02
1.149756995397735615e+01 2.964993209547938519e-02
1.232846739442065953e+01 3.053067443669671768e-02
1.321941148466029325e+01 3.103017941054314610e-02
1.417474162926805548e+01 3.200407023238788923e-02
1.519911082952933867e+01 3.302415214997708737e-02
1.629750834620644184e+01 3.411099301885721358e-02
1.747528400007684013e+01 3.524604924792686111e-02
1.873817422860383886e+01 3.700913517878233472e-02
2.009233002565046888e+01 3.830356998361093140e-02
2.154434690031884614e+01 3.967626259086465962e-02
2.310129700083160387e+01 4.116448856837481851e-02
2.477076355991711409e+01 4.334391240015540020e-02
2.656087782946686815e+01 4.502002308958161919e-02
2.848035868435801987e+01 4.761390396157894750e-02
3.053855508833415655e+01 4.954980774815916783e-02
3.274549162877728037e+01 5.160279329221617584e-02
3.511191734215130822e+01 5.484705509567028986e-02
3.764935806792467332e+01 5.736444885364105212e-02
4.037017258596555536e+01 6.139657234447448708e-02
4.328761281083059487e+01 6.440116409500887262e-02
4.641588833612780007e+01 6.758078558788828405e-02
4.977023564332111505e+01 7.097702688979226626e-02
5.336699231206309690e+01 7.622844099981462840e-02
5.722367659350216940e+01 8.008693610030141741e-02
6.135907273413172902e+01 8.415286985532605124e-02
6.579332246575683030e+01 8.842747408022709477e-02
7.054802310718645231e+01 9.294822979338676627e-02
7.564633275546290747e+01 9.977513436726288820e-02
8.111308307896872805e+01 1.049505928362130108e-01
8.697490026177834466e+01 1.104383902903170733e-01
9.326033468832198992e+01 1.163020872930293353e-01
1.000000000000000000e+02 1.225161084508985671e-01
1.072267222010323167e+02 1.291238073533937103e-01
1.149756995397735579e+02 1.360804619039335528e-01
1.232846739442065882e+02 1.464374313903697156e-01
1.321941148466028721e+02 1.543415853008927030e-01
1.417474162926804695e+02 1.626731472948722002e-01
1.519911082952933157e+02 1.749491415789185267e-01
1.629750834620645037e+02 1.842935966546618565e-01
1.747528400007684866e+02 1.941359885895257154e-01
1.873817422860385022e+02 2.085265400675094805e-01
2.009233002565048025e+02 2.198094307423844873e-01
2.154434690031884543e+02 2.360253528378367660e-01
2.310129700083160458e+02 2.487322060803789647e-01
2.477076355991711409e+02 2.670586684654036036e-01
2.656087782946686957e+02 2.868180711742577271e-01
2.848035868435802058e+02 3.023162117234278190e-01
3.053855508833415797e+02 3.245039234122762406e-01
3.274549162877728463e+02 3.481696614198538375e-01
3.511191734215130964e+02 3.670409571495297230e-01
3.764935806792467474e+02 3.936102025952655792e-01
4.037017258596553688e+02 4.219081271176405856e-01
4.328761281083056929e+02 4.521145458087507674e-01
4.641588833612781855e+02 4.845297042494460804e-01
4.977023564332113779e+02 5.191923140731172781e-01
5.336699231206312106e+02 5.565916386458716891e-01
5.722367659350220492e+02 5.969709618045542232e-01
6.135907273413175744e+02 6.410346320419553212e-01
6.579332246575681893e+02 6.879735742063344262e-01
7.054802310718645231e+02 7.569697618911180870e-01
7.564633275546290179e+02 nan
8.111308307896872520e+02 nan
8.697490026177833897e+02 nan
9.326033468832199560e+02 nan
1.000000000000000000e+03 nan
