1.000000000000000000e+00 1.364279058230257434e-02
1.072267222010323318e+00 1.365651181764217584e-02
1.149756995397735793e+00 1.367162782579214864e-02
1.232846739442066131e+00 1.368849936420095392e-02
1.321941148466029059e+00 1.370832792969682232e-02
1.417474162926805281e+00 1.372926075666677272e-02
1.519911082952933645e+00 1.375162677837285519e-02
1.629750834620644184e+00 1.377846987307149856e-02
1.747528400007683835e+00 1.380605404686311571e-02
1.873817422860383886e+00 1.404338180714663313e-02
2.009233002565047332e+00 1.407953562483557804e-02
2.154434690031883814e+00 1.411718732412263304e-02
2.310129700083159765e+00 1.415943636625285017e-02
2.477076355991710610e+00 1.420562040969846652e-02
2.656087782946686460e+00 1.425642291279750375e-02
2.848035868435801810e+00 1.431235673182722039e-02
3.053855508833415389e+00 1.437293794845920930e-02
3.274549162877728570e+00 1.444084153738731981e-02
3.511191734215131088e+00 1.451371867977077450e-02
3.764935806792468309e+00 1.459489961188552287e-02
4.037017258596554470e+00 1.468188198942364624e-02
4.328761281083058243e+00 1.477779308325350045e-02
4.641588833612779297e+00 1.510054810058671960e-02
4.977023564332111683e+00 1.521332134287766043e-02
5.336699231206309513e+00 1.533687857321123366e-02
5.722367659350217295e+00 1.547035535139550805e-02
6.135907273413172547e+00 1.561694158748488416e-02
6.579332246575680720e+00 1.600751720038268155e-02
7.054802310718643277e+00 1.617903499797505862e-02
7.564633275546288615e+00 1.636446887953381391e-02
8.111308307896871739e+00 1.679045541894208515e-02
8.697490026177835176e+00 1.700527749450972403e-02
9.326033468832198636e+00 1.747232430021213728e-02
1.000000000000000000e+01 1.772287426823843104e-02
1.072267222010323096e+01 1.824163066703161223e-02
1.149756995397735615e+01 1.877362300859646005e-02
1.232846739442065953e+01 1.933310126297961909e-02
1.321941148466029325e+01 1.966825598146050222e-02
1.417474162926805548e+01 2.029088603653340581e-02
1.519911082952933867e+01 2.094711034092589311e-02
1.629750834620644184e+01 2.164291715569091959e-02
1.747528400007684013e+01 2.237495946721287585e-02
1.873817422860383886e+01 2.349056271852419109e-02
2.009233002565046888e+01 2.432647123974919154e-02
2.154434690031884614e+01 2.521584388115926181e-02
2.310129700083160387e+01 2.617549461252330692e-02
2.477076355991711409e+01 2.756566853480849413e-02
2.656087782946686815e+01 2.865225860583251946e-02
2.848035868435801987e+01 3.030445698322073445e-02
3.053855508833415655e+01 3.155903186833167173e-02
3.274549162877728037e+01 3.289429611938341630e-02
3.511191734215130822e+01 3.497029897123972442e-02
3.764935806792467332e+01 3.659920703987593754e-02
4.037017258596555536e+01 3.918491027210198319e-02
4.328761281083059487e+01 4.113139088642754626e-02
4.641588833612780007e+01 4.319779030237075323e-02
4.977023564332111505e+01 4.540993537048908235e-02
5.336699231206309690e+01 4.878668892312019306e-02
5.722367659350216940e+01 5.130441452871915137e-02
6.135907273413172902e+01 5.396554957649299378e-02
6.579332246575683030e+01 5.676592063675527100e-02
7.054802310718645231e+01 5.973475303304072448e-02
7.564633275546290747e+01 6.417376709401177715e-02
8.111308307896872805e+01 6.759080531512148826e-02
8.697490026177834466e+01 7.123201864665934524e-02
9.326033468832198992e+01 7.511057858791524156e-02
1.000000000000000000e+02 7.923485114771366966e-02
1.072267222010323167e+02 8.361102514495104276e-02
1.149756995397735579e+02 8.822812768363270941e-02
1.232846739442065882e+02 9.505442130633080799e-02
1.321941148466028721e+02 1.002926474451587419e-01
1.417474162926804695e+02 1.058113221478121091e-01
1.519911082952933157e+02 1.138754676812536032e-01
1.629750834620645037e+02 1.200697720364207743e-01
1.747528400007684866e+02 1.265888550833926263e-01
1.873817422860385022e+02 1.360736150255186239e-01
2.009233002565048025e+02 1.435610616577146503e-01
2.154434690031884543e+02 1.542330206334079357e-01
2.310129700083160458e+02 1.626983160662833494e-01
2.477076355991711409e+02 1.747849114783707747e-01
2.656087782946686957e+02 1.878396288473864473e-01
2.848035868435802058e+02 1.981576301357591552e-01
3.053855508833415797e+02 2.127878272769458956e-01
3.274549162877728463e+02 2.284049612082875991e-01
3.511191734215130964e+02 2.409514358765931230e-01
3.764935806792467474e+02 2.584811306571684342e-01
4.037017258596553688e+02 2.771899742621212193e-01
4.328761281083056929e+02 2.971805636297621955e-01
4.641588833612781855e+02 3.186629907367748982e-01
4.977023564332113779e+02 3.417242362836245273e-01
5.336699231206312106e+02 3.667720254572010008e-01
5.722367659350220492e+02 3.938415350687206606e-01
6.135907273413175744e+02 4.237595341830303619e-01
6.579332246575681893e+02 4.557391659586966237e-01
7.054802310718645231e+02 5.043785364043253949e-01
7.564633275546290179e+02 nan
8.111308307896872520e+02 nan
8.697490026177833897e+02 nan
9.326033468832199560e+02 nan
1.000000000000000000e+03 nan
