# Trapping bound for operator=S, sim_name=SFHo-20.0, lepton=e
# using approach=exact, mfp_prescription=thermal
# Duration:	2024-07-21 11:51:41 -> 2024-07-21 18:58:43 (427.02min)
# Parameters:	sim_range=100, X_MAX=100.0, NSTEPS=50, vegas_kwargs={'nitn': 10, 'neval': 1000, 'alpha': 0.5}
# m_chi [MeV] / Lambda [TeV]
1.00e+00 1.83e-02
1.07e+00 1.83e-02
1.15e+00 1.83e-02
1.23e+00 1.83e-02
1.32e+00 1.84e-02
1.42e+00 1.84e-02
1.52e+00 1.84e-02
1.63e+00 1.85e-02
1.75e+00 1.85e-02
1.87e+00 1.88e-02
2.01e+00 1.88e-02
2.15e+00 1.89e-02
2.31e+00 1.90e-02
2.48e+00 1.91e-02
2.66e+00 1.91e-02
2.85e+00 1.92e-02
3.05e+00 1.93e-02
3.27e+00 1.94e-02
3.51e+00 1.96e-02
3.76e+00 1.97e-02
4.04e+00 1.98e-02
4.33e+00 2.00e-02
4.64e+00 2.04e-02
4.98e+00 2.06e-02
5.34e+00 2.08e-02
5.72e+00 2.10e-02
6.14e+00 2.12e-02
6.58e+00 2.17e-02
7.05e+00 2.20e-02
7.56e+00 2.23e-02
8.11e+00 2.28e-02
8.70e+00 2.31e-02
9.33e+00 2.37e-02
1.00e+01 2.41e-02
1.07e+01 2.48e-02
1.15e+01 2.55e-02
1.23e+01 2.62e-02
1.32e+01 2.67e-02
1.42e+01 2.76e-02
1.52e+01 2.84e-02
1.63e+01 2.93e-02
1.75e+01 3.03e-02
1.87e+01 3.17e-02
2.01e+01 3.28e-02
2.15e+01 3.39e-02
2.31e+01 3.52e-02
2.48e+01 3.69e-02
2.66e+01 3.83e-02
2.85e+01 4.02e-02
3.05e+01 4.18e-02
3.27e+01 4.35e-02
3.51e+01 4.59e-02
3.76e+01 4.79e-02
4.04e+01 5.07e-02
4.33e+01 5.29e-02
4.64e+01 5.54e-02
4.98e+01 5.80e-02
5.34e+01 6.16e-02
5.72e+01 6.46e-02
6.14e+01 6.78e-02
6.58e+01 7.11e-02
7.05e+01 7.47e-02
7.56e+01 7.97e-02
8.11e+01 8.38e-02
8.70e+01 8.81e-02
9.33e+01 9.28e-02
1.00e+02 9.77e-02
1.07e+02 1.03e-01
1.15e+02 1.08e-01
1.23e+02 1.16e-01
1.32e+02 1.23e-01
1.42e+02 1.29e-01
1.52e+02 1.39e-01
1.63e+02 1.46e-01
1.75e+02 1.54e-01
1.87e+02 1.66e-01
2.01e+02 1.75e-01
2.15e+02 1.88e-01
2.31e+02 1.98e-01
2.48e+02 2.13e-01
2.66e+02 2.29e-01
2.85e+02 2.41e-01
3.05e+02 2.59e-01
3.27e+02 2.78e-01
3.51e+02 2.94e-01
3.76e+02 3.16e-01
4.04e+02 3.39e-01
4.33e+02 3.64e-01
4.64e+02 3.91e-01
4.98e+02 4.19e-01
5.34e+02 4.50e-01
5.72e+02 4.83e-01
6.14e+02 5.19e-01
6.58e+02 5.58e-01
7.05e+02 6.18e-01
7.56e+02 nan
8.11e+02 nan
8.70e+02 nan
9.33e+02 nan
1.00e+03 nan
