1.000000000000000000e+00 2.163856229775976830e-02
1.072267222010323318e+00 2.166099449994486961e-02
1.149756995397735793e+00 2.168562488374129252e-02
1.232846739442066131e+00 2.171339560100445099e-02
1.321941148466029059e+00 2.174174640031765679e-02
1.417474162926805281e+00 2.177317723407374075e-02
1.519911082952933645e+00 2.180925607359320006e-02
1.629750834620644184e+00 2.184934506075380742e-02
1.747528400007683835e+00 2.189175496816355912e-02
1.873817422860383886e+00 2.228325243526064689e-02
2.009233002565047332e+00 2.233579318341939041e-02
2.154434690031883814e+00 2.239383648769926322e-02
2.310129700083159765e+00 2.245880071664793642e-02
2.477076355991710610e+00 2.252864004063335687e-02
2.656087782946686460e+00 2.260712609401914139e-02
2.848035868435801810e+00 2.269237660024677611e-02
3.053855508833415389e+00 2.278653021563260828e-02
3.274549162877728570e+00 2.288882486535797137e-02
3.511191734215131088e+00 2.300090739459411532e-02
3.764935806792468309e+00 2.312256064700480077e-02
4.037017258596554470e+00 2.325760425518003105e-02
4.328761281083058243e+00 2.340195272382302252e-02
4.641588833612779297e+00 2.391943202359475898e-02
4.977023564332111683e+00 2.409206584174780966e-02
5.336699231206309513e+00 2.427721667394562924e-02
5.722367659350217295e+00 2.448321171867411106e-02
6.135907273413172547e+00 2.470311671733539660e-02
6.579332246575680720e+00 2.532460874530395589e-02
7.054802310718643277e+00 2.558413086795967295e-02
7.564633275546288615e+00 2.586183056808221553e-02
8.111308307896871739e+00 2.653714766309214421e-02
8.697490026177835176e+00 2.686161621608947406e-02
9.326033468832198636e+00 2.759722821583523306e-02
1.000000000000000000e+01 2.797248331595931711e-02
1.072267222010323096e+01 2.878938866851702208e-02
1.149756995397735615e+01 2.962064473750554428e-02
1.232846739442065953e+01 3.049725450953987005e-02
1.321941148466029325e+01 3.100093076296182512e-02
1.417474162926805548e+01 3.197350146064827092e-02
1.519911082952933867e+01 3.299215151753513015e-02
1.629750834620644184e+01 3.407769659524608613e-02
1.747528400007684013e+01 3.521358794309134566e-02
1.873817422860383886e+01 3.697722569164477169e-02
2.009233002565046888e+01 3.826975254883133171e-02
2.154434690031884614e+01 3.964542885803378630e-02
2.310129700083160387e+01 4.112829851874261200e-02
2.477076355991711409e+01 4.330892702542839257e-02
2.656087782946686815e+01 4.498759712851151116e-02
2.848035868435801987e+01 4.757620766647464167e-02
3.053855508833415655e+01 4.950936570729404934e-02
3.274549162877728037e+01 5.156745336433617155e-02
3.511191734215130822e+01 5.481066413432815476e-02
3.764935806792467332e+01 5.731702255723254702e-02
4.037017258596555536e+01 6.135389036328214168e-02
4.328761281083059487e+01 6.435300930724452417e-02
4.641588833612780007e+01 6.753875727856355204e-02
4.977023564332111505e+01 7.092922248604277558e-02
5.336699231206309690e+01 7.617920739423145182e-02
5.722367659350216940e+01 8.002348279873243431e-02
6.135907273413172902e+01 8.408899148573920068e-02
6.579332246575683030e+01 8.836639277164320960e-02
7.054802310718645231e+01 9.289232471233829780e-02
7.564633275546290747e+01 9.969734410469224817e-02
8.111308307896872805e+01 1.048765870074652024e-01
8.697490026177834466e+01 1.103640625866079972e-01
9.326033468832198992e+01 1.162160111439268645e-01
1.000000000000000000e+02 1.224395454195125049e-01
1.072267222010323167e+02 1.290202220127106281e-01
1.149756995397735579e+02 1.359798517461635603e-01
1.232846739442065882e+02 1.463410983105615792e-01
1.321941148466028721e+02 1.542263674514744720e-01
1.417474162926804695e+02 1.625711481129755720e-01
1.519911082952933157e+02 1.748201340266330728e-01
1.629750834620645037e+02 1.841637009017770832e-01
1.747528400007684866e+02 1.939987426756285549e-01
1.873817422860385022e+02 2.083791265660568381e-01
2.009233002565048025e+02 2.196553506753185225e-01
2.154434690031884543e+02 2.358494577974487305e-01
2.310129700083160458e+02 2.486073824305646274e-01
2.477076355991711409e+02 2.668862142768471113e-01
2.656087782946686957e+02 2.866348673981308215e-01
2.848035868435802058e+02 3.021334114656182290e-01
3.053855508833415797e+02 3.242677260396011341e-01
3.274549162877728463e+02 3.479293186357143575e-01
3.511191734215130964e+02 3.668251898678673850e-01
3.764935806792467474e+02 3.933803026723093899e-01
4.037017258596553688e+02 4.216632334347754085e-01
4.328761281083056929e+02 4.518691786701220514e-01
4.641588833612781855e+02 4.842435664060055212e-01
4.977023564332113779e+02 5.188365414206864701e-01
5.336699231206312106e+02 5.562694700684814864e-01
5.722367659350220492e+02 5.965549539379010335e-01
6.135907273413175744e+02 6.406929982695018788e-01
6.579332246575681893e+02 6.875951623349024766e-01
7.054802310718645231e+02 7.565447141885618398e-01
7.564633275546290179e+02 nan
8.111308307896872520e+02 nan
8.697490026177833897e+02 nan
9.326033468832199560e+02 nan
1.000000000000000000e+03 nan
