1.000000000000000000e+00 1.163739243240624610e-02
1.072267222010323318e+00 1.164191040950654336e-02
1.149756995397735793e+00 1.164151235537571813e-02
1.232846739442066131e+00 1.164512817003914014e-02
1.321941148466029059e+00 1.164848974769284486e-02
1.417474162926805281e+00 1.165178072266096626e-02
1.519911082952933645e+00 1.164903962143847872e-02
1.629750834620644184e+00 1.165702672494177590e-02
1.747528400007683835e+00 1.166570855810881123e-02
1.873817422860383886e+00 1.185638916161439391e-02
2.009233002565047332e+00 1.186134846608984106e-02
2.154434690031883814e+00 1.187280409782320335e-02
2.310129700083159765e+00 1.188103902025599776e-02
2.477076355991710610e+00 1.188996673049075997e-02
2.656087782946686460e+00 1.189794633149530469e-02
2.848035868435801810e+00 1.191376885354427685e-02
3.053855508833415389e+00 1.192255727148416010e-02
3.274549162877728570e+00 1.194039796966113107e-02
3.511191734215131088e+00 1.195556880896649944e-02
3.764935806792468309e+00 1.198005074293763753e-02
4.037017258596554470e+00 1.199623184953730985e-02
4.328761281083058243e+00 1.201804363685667933e-02
4.641588833612779297e+00 1.224071515802670207e-02
4.977023564332111683e+00 1.227178675034391528e-02
5.336699231206309513e+00 1.229485202699722238e-02
5.722367659350217295e+00 1.232992162282023178e-02
6.135907273413172547e+00 1.236413528706933884e-02
6.579332246575680720e+00 1.260589835695691274e-02
7.054802310718643277e+00 1.264476087598400723e-02
7.564633275546288615e+00 1.268964381412987161e-02
8.111308307896871739e+00 1.293582640040611548e-02
8.697490026177835176e+00 1.298163313443498681e-02
9.326033468832198636e+00 1.324024414059859524e-02
1.000000000000000000e+01 1.329087850273558483e-02
1.072267222010323096e+01 1.356113280932500983e-02
1.149756995397735615e+01 1.383962606500534036e-02
1.232846739442065953e+01 1.411668141219561169e-02
1.321941148466029325e+01 1.418218871696135149e-02
1.417474162926805548e+01 1.448115495065900593e-02
1.519911082952933867e+01 1.479010939314226274e-02
1.629750834620644184e+01 1.511138755155495839e-02
1.747528400007684013e+01 1.543609542797585478e-02
1.873817422860383886e+01 1.605662887787075166e-02
2.009233002565046888e+01 1.642548009935158870e-02
2.154434690031884614e+01 1.680907873864782853e-02
2.310129700083160387e+01 1.720797051723587864e-02
2.477076355991711409e+01 1.794593997969606489e-02
2.656087782946686815e+01 1.840022070278326052e-02
2.848035868435801987e+01 1.927003820260611566e-02
3.053855508833415655e+01 1.977075126625352924e-02
3.274549162877728037e+01 2.029654268305479056e-02
3.511191734215130822e+01 2.136770298868407442e-02
3.764935806792467332e+01 2.202791833703468191e-02
4.037017258596555536e+01 2.336558556341175596e-02
4.328761281083059487e+01 2.416501609032878362e-02
4.641588833612780007e+01 2.498644053851399247e-02
4.977023564332111505e+01 2.586832381157099306e-02
5.336699231206309690e+01 2.756323575944178220e-02
5.722367659350216940e+01 2.854792953566015132e-02
6.135907273413172902e+01 2.955886855315058986e-02
6.579332246575683030e+01 3.063588025057556452e-02
7.054802310718645231e+01 3.175966026736075365e-02
7.564633275546290747e+01 3.395271297001897781e-02
8.111308307896872805e+01 3.526352338413620002e-02
8.697490026177834466e+01 3.664221749700889014e-02
9.326033468832198992e+01 3.808614297600482895e-02
1.000000000000000000e+02 3.961930455352932062e-02
1.072267222010323167e+02 4.121236863275638818e-02
1.149756995397735579e+02 4.289915714428304411e-02
1.232846739442065882e+02 4.615189299483727497e-02
1.321941148466028721e+02 4.800953223635146677e-02
1.417474162926804695e+02 4.990881915040709660e-02
1.519911082952933157e+02 5.364478942680690754e-02
1.629750834620645037e+02 5.573787123395305271e-02
1.747528400007684866e+02 5.790533488874689133e-02
1.873817422860385022e+02 6.207061365835405548e-02
2.009233002565048025e+02 6.451683314344679177e-02
2.154434690031884543e+02 6.910708010697508286e-02
2.310129700083160458e+02 7.176144081158968013e-02
2.477076355991711409e+02 7.681911207029910871e-02
2.656087782946686957e+02 8.225697523292722912e-02
2.848035868435802058e+02 8.532711327375003263e-02
3.053855508833415797e+02 9.128133283033540435e-02
3.274549162877728463e+02 9.754851533554791121e-02
3.511191734215130964e+02 1.011942662463469617e-01
3.764935806792467474e+02 1.080515222106888662e-01
4.037017258596553688e+02 1.152185338457541869e-01
4.328761281083056929e+02 1.228768219202103912e-01
4.641588833612781855e+02 1.309270939544584234e-01
4.977023564332113779e+02 1.395375543372850968e-01
5.336699231206312106e+02 1.487233281147402608e-01
5.722367659350220492e+02 1.585345857044140605e-01
6.135907273413175744e+02 1.693187355391562177e-01
6.579332246575681893e+02 1.804233164035444481e-01
7.054802310718645231e+02 2.004112652378497728e-01
7.564633275546290179e+02 nan
8.111308307896872520e+02 nan
8.697490026177833897e+02 nan
9.326033468832199560e+02 nan
1.000000000000000000e+03 nan
