1.000000000000000000e+00 1.265601559451256901e-02
1.072267222010323318e+00 1.267029505187238468e-02
1.149756995397735793e+00 1.268668466381034886e-02
1.232846739442066131e+00 1.270583220592820528e-02
1.321941148466029059e+00 1.272474481804097141e-02
1.417474162926805281e+00 1.274767897713797483e-02
1.519911082952933645e+00 1.277214656242856884e-02
1.629750834620644184e+00 1.280025141482942982e-02
1.747528400007683835e+00 1.282960141279877210e-02
1.873817422860383886e+00 1.286321274296160604e-02
2.009233002565047332e+00 1.289940515754244704e-02
2.154434690031883814e+00 1.293970652826163630e-02
2.310129700083159765e+00 1.298364078790582854e-02
2.477076355991710610e+00 1.303170910637509693e-02
2.656087782946686460e+00 1.308539614757852319e-02
2.848035868435801810e+00 1.314307409545199118e-02
3.053855508833415389e+00 1.334194899454154391e-02
3.274549162877728570e+00 1.341166614635336263e-02
3.511191734215131088e+00 1.348792231265583987e-02
3.764935806792468309e+00 1.357139329640484268e-02
4.037017258596554470e+00 1.366221871115818123e-02
4.328761281083058243e+00 1.376022290618159928e-02
4.641588833612779297e+00 1.400398788027386668e-02
4.977023564332111683e+00 1.412062001586685336e-02
5.336699231206309513e+00 1.424692050470488178e-02
5.722367659350217295e+00 1.453327351173119841e-02
6.135907273413172547e+00 1.468211673344308778e-02
6.579332246575680720e+00 1.498298255037837888e-02
7.054802310718643277e+00 1.515708201326928378e-02
7.564633275546288615e+00 1.549812760306822079e-02
8.111308307896871739e+00 1.585032009034827161e-02
8.697490026177835176e+00 1.621081937337694179e-02
9.326033468832198636e+00 1.661098308139026536e-02
1.000000000000000000e+01 1.702024669803343590e-02
1.072267222010323096e+01 1.745409809497403680e-02
1.149756995397735615e+01 1.791687580532971141e-02
1.232846739442065953e+01 1.838939284836893853e-02
1.321941148466029325e+01 1.908430344926245747e-02
1.417474162926805548e+01 1.960750780355811212e-02
1.519911082952933867e+01 2.036192607385029635e-02
1.629750834620644184e+01 2.095787371760151480e-02
1.747528400007684013e+01 2.178776761801032302e-02
1.873817422860383886e+01 2.267592067901391673e-02
2.009233002565046888e+01 2.359778745852075116e-02
2.154434690031884614e+01 2.455900542418072013e-02
2.310129700083160387e+01 2.557975374318593315e-02
2.477076355991711409e+01 2.664655019000402442e-02
2.656087782946686815e+01 2.801321093822385297e-02
2.848035868435801987e+01 2.918101159671539213e-02
3.053855508833415655e+01 3.041345581536590917e-02
3.274549162877728037e+01 3.197933028618647061e-02
3.511191734215130822e+01 3.337029642954084108e-02
3.764935806792467332e+01 3.517968410678843499e-02
4.037017258596555536e+01 3.712709646708379357e-02
4.328761281083059487e+01 3.887973266812457668e-02
4.641588833612780007e+01 4.122347044234734442e-02
4.977023564332111505e+01 4.336712965153792509e-02
5.336699231206309690e+01 4.576604962888558559e-02
5.722367659350216940e+01 4.840088527570202831e-02
6.135907273413172902e+01 5.135926293707521878e-02
6.579332246575683030e+01 5.471989533138654077e-02
7.054802310718645231e+01 5.744678430182689061e-02
7.564633275546290747e+01 6.162388454951649858e-02
8.111308307896872805e+01 6.492237572742853846e-02
8.697490026177834466e+01 7.001694011653293581e-02
9.326033468832198992e+01 7.390417785384501004e-02
1.000000000000000000e+02 7.983426792301358266e-02
1.072267222010323167e+02 8.429898100462143717e-02
1.149756995397735579e+02 9.098553309277383760e-02
1.232846739442065882e+02 9.611600183990869073e-02
1.321941148466028721e+02 1.039051281689139100e-01
1.417474162926804695e+02 1.099110223927137198e-01
1.519911082952933157e+02 1.190698839265610098e-01
1.629750834620645037e+02 1.261114906578690298e-01
1.747528400007684866e+02 1.368253143772842073e-01
1.873817422860385022e+02 1.450111002702493546e-01
2.009233002565048025e+02 1.573615174121079929e-01
2.154434690031884543e+02 1.667914430462741904e-01
2.310129700083160458e+02 1.809630219432260823e-01
2.477076355991711409e+02 1.917930017181113944e-01
2.656087782946686957e+02 2.079138780728592428e-01
2.848035868435802058e+02 2.203165331457024867e-01
3.053855508833415797e+02 2.385862306335634064e-01
3.274549162877728463e+02 2.581180634598855828e-01
3.511191734215130964e+02 2.789143756119052964e-01
3.764935806792467474e+02 3.010843696835925898e-01
4.037017258596553688e+02 3.240897789955812236e-01
4.328761281083056929e+02 3.471433254324078899e-01
4.641588833612781855e+02 nan
4.977023564332113779e+02 nan
5.336699231206312106e+02 nan
5.722367659350220492e+02 nan
6.135907273413175744e+02 nan
6.579332246575681893e+02 nan
7.054802310718645231e+02 nan
7.564633275546290179e+02 nan
8.111308307896872520e+02 nan
8.697490026177833897e+02 nan
9.326033468832199560e+02 nan
1.000000000000000000e+03 nan
