1.000000000000000000e+00 3.766223278443123906e-02
1.072267222010323318e+00 3.776548320706892697e-02
1.149756995397735793e+00 3.787806343487176014e-02
1.232846739442066131e+00 3.799330133113352354e-02
1.321941148466029059e+00 3.811605519368845008e-02
1.417474162926805281e+00 3.824958822343026144e-02
1.519911082952933645e+00 3.838108063355773897e-02
1.629750834620644184e+00 3.852823046590400646e-02
1.747528400007683835e+00 3.868271815071362696e-02
1.873817422860383886e+00 3.884380618599438117e-02
2.009233002565047332e+00 3.901550508990551253e-02
2.154434690031883814e+00 3.919523673911450706e-02
2.310129700083159765e+00 3.938246539355316767e-02
2.477076355991710610e+00 3.958031234539480941e-02
2.656087782946686460e+00 3.978878793817022114e-02
2.848035868435801810e+00 4.000916681788941470e-02
3.053855508833415389e+00 4.024069064815653796e-02
3.274549162877728570e+00 4.048410219073270144e-02
3.511191734215131088e+00 4.124446592474349804e-02
3.764935806792468309e+00 4.151418397985986303e-02
4.037017258596554470e+00 4.179490641802884737e-02
4.328761281083058243e+00 4.208846242301313156e-02
4.641588833612779297e+00 4.240270673806750823e-02
4.977023564332111683e+00 4.272184221289390682e-02
5.336699231206309513e+00 4.306039283688860297e-02
5.722367659350217295e+00 4.391956577797827971e-02
6.135907273413172547e+00 4.428985807175930822e-02
6.579332246575680720e+00 4.467638201690884991e-02
7.054802310718643277e+00 4.507937285773126052e-02
7.564633275546288615e+00 4.599932644934656700e-02
8.111308307896871739e+00 4.643586001402627561e-02
8.697490026177835176e+00 4.744152018084146771e-02
9.326033468832198636e+00 4.792062202067019772e-02
1.000000000000000000e+01 4.894491533747617751e-02
1.072267222010323096e+01 5.000903612597946968e-02
1.149756995397735615e+01 5.054699586533845101e-02
1.232846739442065953e+01 5.167878099088522165e-02
1.321941148466029325e+01 5.282656013908844372e-02
1.417474162926805548e+01 5.404125145279840836e-02
1.519911082952933867e+01 5.528731094435699461e-02
1.629750834620644184e+01 5.652240595757096475e-02
1.747528400007684013e+01 5.844633419153812126e-02
1.873817422860383886e+01 5.978119963584201807e-02
2.009233002565046888e+01 6.118104826804310337e-02
2.154434690031884614e+01 6.329012166347129653e-02
2.310129700083160387e+01 6.551366192798942223e-02
2.477076355991711409e+01 6.708494746155796440e-02
2.656087782946686815e+01 6.953510260265473308e-02
2.848035868435801987e+01 7.209142712891336569e-02
3.053855508833415655e+01 7.481515731175922279e-02
3.274549162877728037e+01 7.773211919596434427e-02
3.511191734215130822e+01 8.090960686512597977e-02
3.764935806792467332e+01 8.439039247655369391e-02
4.037017258596555536e+01 8.686467524148805408e-02
4.328761281083059487e+01 9.094392673104412239e-02
4.641588833612780007e+01 9.551387114765584607e-02
4.977023564332111505e+01 9.865531797463539254e-02
5.336699231206309690e+01 1.042632839959108104e-01
5.722367659350216940e+01 1.081021503676616452e-01
6.135907273413172902e+01 1.150494097127608417e-01
6.579332246575683030e+01 1.196756874110643798e-01
7.054802310718645231e+01 1.245835104917511205e-01
7.564633275546290747e+01 1.297600549964679773e-01
8.111308307896872805e+01 1.391261755624906837e-01
8.697490026177834466e+01 1.450127835372992668e-01
9.326033468832198992e+01 1.511293487796356028e-01
1.000000000000000000e+02 1.620176091597808898e-01
1.072267222010323167e+02 1.689017307832178239e-01
1.149756995397735579e+02 1.814150328806907186e-01
1.232846739442065882e+02 1.892837138912913386e-01
1.321941148466028721e+02 1.976206263106214667e-01
1.417474162926804695e+02 2.129115996908956532e-01
1.519911082952933157e+02 2.224686901301867470e-01
1.629750834620645037e+02 2.399768328610086265e-01
1.747528400007684866e+02 2.507760092403437668e-01
1.873817422860385022e+02 2.620929660741882494e-01
2.009233002565048025e+02 2.826558428590804639e-01
2.154434690031884543e+02 2.953173897940402637e-01
2.310129700083160458e+02 3.182182233125702697e-01
2.477076355991711409e+02 3.322157938470932104e-01
2.656087782946686957e+02 3.574933264879653350e-01
2.848035868435802058e+02 3.841992739764208409e-01
3.053855508833415797e+02 4.003761536389537912e-01
3.274549162877728463e+02 4.290779538476283128e-01
3.511191734215130964e+02 4.590009603953424944e-01
3.764935806792467474e+02 4.892141854586416483e-01
4.037017258596553688e+02 5.285932253745796450e-01
4.328761281083056929e+02 nan
4.641588833612781855e+02 nan
4.977023564332113779e+02 nan
5.336699231206312106e+02 nan
5.722367659350220492e+02 nan
6.135907273413175744e+02 nan
6.579332246575681893e+02 nan
7.054802310718645231e+02 nan
7.564633275546290179e+02 nan
8.111308307896872520e+02 nan
8.697490026177833897e+02 nan
9.326033468832199560e+02 nan
1.000000000000000000e+03 nan
