1.000000000000000000e+00 1.090866845677081719e-02
1.072267222010323318e+00 1.091288550896029989e-02
1.149756995397735793e+00 1.091081034046772168e-02
1.232846739442066131e+00 1.091433956952130718e-02
1.321941148466029059e+00 1.091923972362845649e-02
1.417474162926805281e+00 1.092809076945171556e-02
1.519911082952933645e+00 1.092752348892117933e-02
1.629750834620644184e+00 1.093199042712963455e-02
1.747528400007683835e+00 1.094179909590597792e-02
1.873817422860383886e+00 1.094324901633328059e-02
2.009233002565047332e+00 1.095306567726908424e-02
2.154434690031883814e+00 1.095869991555528666e-02
2.310129700083159765e+00 1.097321966143258339e-02
2.477076355991710610e+00 1.098074483350736791e-02
2.656087782946686460e+00 1.099194352004294328e-02
2.848035868435801810e+00 1.100150026287658074e-02
3.053855508833415389e+00 1.114280724481217684e-02
3.274549162877728570e+00 1.115988791162312796e-02
3.511191734215131088e+00 1.117352647262618258e-02
3.764935806792468309e+00 1.119326986685502748e-02
4.037017258596554470e+00 1.121151289078932065e-02
4.328761281083058243e+00 1.123660938676476415e-02
4.641588833612779297e+00 1.139269092920846584e-02
4.977023564332111683e+00 1.141078503233346024e-02
5.336699231206309513e+00 1.143864816789893352e-02
5.722367659350217295e+00 1.160832368816663157e-02
6.135907273413172547e+00 1.163728692115579416e-02
6.579332246575680720e+00 1.180945674022649931e-02
7.054802310718643277e+00 1.184589630771681196e-02
7.564633275546288615e+00 1.202239640181551432e-02
8.111308307896871739e+00 1.219615386216289267e-02
8.697490026177835176e+00 1.236699847290832419e-02
9.326033468832198636e+00 1.256385224397801176e-02
1.000000000000000000e+01 1.275513682338979930e-02
1.072267222010323096e+01 1.295131593511354880e-02
1.149756995397735615e+01 1.315633917420064303e-02
1.232846739442065953e+01 1.336477783345004985e-02
1.321941148466029325e+01 1.373735112600587421e-02
1.417474162926805548e+01 1.395573675359069142e-02
1.519911082952933867e+01 1.433603802005820743e-02
1.629750834620644184e+01 1.457321279048120512e-02
1.747528400007684013e+01 1.497823295098837243e-02
1.873817422860383886e+01 1.541692313504237563e-02
2.009233002565046888e+01 1.585360517462295130e-02
2.154434690031884614e+01 1.630322880391046197e-02
2.310129700083160387e+01 1.678024954089321619e-02
2.477076355991711409e+01 1.725399385197553398e-02
2.656087782946686815e+01 1.796314231433302627e-02
2.848035868435801987e+01 1.846492120751152752e-02
3.053855508833415655e+01 1.898019404228544135e-02
3.274549162877728037e+01 1.974300865530439347e-02
3.511191734215130822e+01 2.032710834866947175e-02
3.764935806792467332e+01 2.119850835835022235e-02
4.037017258596555536e+01 2.213726998026687917e-02
4.328761281083059487e+01 2.285326395535348595e-02
4.641588833612780007e+01 2.398378933983332309e-02
4.977023564332111505e+01 2.487153135960046627e-02
5.336699231206309690e+01 2.590044806300593333e-02
5.722367659350216940e+01 2.701423400121444329e-02
6.135907273413172902e+01 2.830158990327410681e-02
6.579332246575683030e+01 2.979855434488904234e-02
7.054802310718645231e+01 3.070494408744194742e-02
7.564633275546290747e+01 3.262736299163554454e-02
8.111308307896872805e+01 3.376968414826345827e-02
8.697490026177834466e+01 3.612041363205999167e-02
9.326033468832198992e+01 3.749242525505565998e-02
1.000000000000000000e+02 4.021725897492534063e-02
1.072267222010323167e+02 4.176566679045155134e-02
1.149756995397735579e+02 4.479111359984873364e-02
1.232846739442065882e+02 4.651489490491644840e-02
1.321941148466028721e+02 5.004172017418544172e-02
1.417474162926804695e+02 5.209198425249175757e-02
1.519911082952933157e+02 5.617299958126491938e-02
1.629750834620645037e+02 5.856566039661945805e-02
1.747528400007684866e+02 6.326418952469238521e-02
1.873817422860385022e+02 6.599047022782975058e-02
2.009233002565048025e+02 7.140007557280471373e-02
2.154434690031884543e+02 7.446365389288384096e-02
2.310129700083160458e+02 8.053469106467812944e-02
2.477076355991711409e+02 8.397434279101073651e-02
2.656087782946686957e+02 9.076840651668383053e-02
2.848035868435802058e+02 9.462817209282518849e-02
3.053855508833415797e+02 1.020718967722620829e-01
3.274549162877728463e+02 1.099251587997333857e-01
3.511191734215130964e+02 1.181675256969768190e-01
3.764935806792467474e+02 1.266651880670489339e-01
4.037017258596553688e+02 1.353643375769633672e-01
4.328761281083056929e+02 1.434331408437209965e-01
4.641588833612781855e+02 nan
4.977023564332113779e+02 nan
5.336699231206312106e+02 nan
5.722367659350220492e+02 nan
6.135907273413175744e+02 nan
6.579332246575681893e+02 nan
7.054802310718645231e+02 nan
7.564633275546290179e+02 nan
8.111308307896872520e+02 nan
8.697490026177833897e+02 nan
9.326033468832199560e+02 nan
1.000000000000000000e+03 nan
