1.000000000000000000e+00 7.337244127359366687e-03
1.072267222010323318e+00 7.338296978125344837e-03
1.149756995397735793e+00 7.337540264362339346e-03
1.232846739442066131e+00 7.341171365130903445e-03
1.321941148466029059e+00 7.345284427072265240e-03
1.417474162926805281e+00 7.346472878402844110e-03
1.519911082952933645e+00 7.350929503741295175e-03
1.629750834620644184e+00 7.352245534110465365e-03
1.747528400007683835e+00 7.357106847980692151e-03
1.873817422860383886e+00 7.471253650817134308e-03
2.009233002565047332e+00 7.477803797761102718e-03
2.154434690031883814e+00 7.481869430730477694e-03
2.310129700083159765e+00 7.492092426773674235e-03
2.477076355991710610e+00 7.494490122191077922e-03
2.656087782946686460e+00 7.504919170722084559e-03
2.848035868435801810e+00 7.513233217373698272e-03
3.053855508833415389e+00 7.526863501424345577e-03
3.274549162877728570e+00 7.537475231908420496e-03
3.511191734215131088e+00 7.549682047313921278e-03
3.764935806792468309e+00 7.562233485094276182e-03
4.037017258596554470e+00 7.578256185800553123e-03
4.328761281083058243e+00 7.595117737724530957e-03
4.641588833612779297e+00 7.734004190821540912e-03
4.977023564332111683e+00 7.749230105880803438e-03
5.336699231206309513e+00 7.773178983516439676e-03
5.722367659350217295e+00 7.800126989170012501e-03
6.135907273413172547e+00 7.824577798723114652e-03
6.579332246575680720e+00 7.975985641900707607e-03
7.054802310718643277e+00 8.008209286603427263e-03
7.564633275546288615e+00 8.039168796403707920e-03
8.111308307896871739e+00 8.197179889359343732e-03
8.697490026177835176e+00 8.233661771613314667e-03
9.326033468832198636e+00 8.397813928203840678e-03
1.000000000000000000e+01 8.440720964160050924e-03
1.072267222010323096e+01 8.617564269392250995e-03
1.149756995397735615e+01 8.790918158008179453e-03
1.232846739442065953e+01 8.969620098389165935e-03
1.321941148466029325e+01 9.023491586787139515e-03
1.417474162926805548e+01 9.216577413102028382e-03
1.519911082952933867e+01 9.415195554432778668e-03
1.629750834620644184e+01 9.625400871435181929e-03
1.747528400007684013e+01 9.837252588422754421e-03
1.873817422860383886e+01 1.024170344409230417e-02
2.009233002565046888e+01 1.047437542897622538e-02
2.154434690031884614e+01 1.072527414829213717e-02
2.310129700083160387e+01 1.099197225016012268e-02
2.477076355991711409e+01 1.146220034999845781e-02
2.656087782946686815e+01 1.175081299880640674e-02
2.848035868435801987e+01 1.231447021556874438e-02
3.053855508833415655e+01 1.265072945830649116e-02
3.274549162877728037e+01 1.300164221211524973e-02
3.511191734215130822e+01 1.367876248009847889e-02
3.764935806792467332e+01 1.411491129922671540e-02
4.037017258596555536e+01 1.498011034968375378e-02
4.328761281083059487e+01 1.549932717654891288e-02
4.641588833612780007e+01 1.604168153006210046e-02
4.977023564332111505e+01 1.661724821872291244e-02
5.336699231206309690e+01 1.772152899455048045e-02
5.722367659350216940e+01 1.836518928039189771e-02
6.135907273413172902e+01 1.903591824255084289e-02
6.579332246575683030e+01 1.974103852424106964e-02
7.054802310718645231e+01 2.048431073597452648e-02
7.564633275546290747e+01 2.192515465725405205e-02
8.111308307896872805e+01 2.278816398031018389e-02
8.697490026177834466e+01 2.370943886974750253e-02
9.326033468832198992e+01 2.467788562295642266e-02
1.000000000000000000e+02 2.570082447102786313e-02
1.072267222010323167e+02 2.678018524789129232e-02
1.149756995397735579e+02 2.790413929584050282e-02
1.232846739442065882e+02 3.005145208873099411e-02
1.321941148466028721e+02 3.128168516242820635e-02
1.417474162926804695e+02 3.257497953440130489e-02
1.519911082952933157e+02 3.502681241525115036e-02
1.629750834620645037e+02 3.640468400727399356e-02
1.747528400007684866e+02 3.786494963766404848e-02
1.873817422860385022e+02 4.061440869817928290e-02
2.009233002565048025e+02 4.224616476483084027e-02
2.154434690031884543e+02 4.526153481102915266e-02
2.310129700083160458e+02 4.706066804641507312e-02
2.477076355991711409e+02 5.039225090002310420e-02
2.656087782946686957e+02 5.400007526035691813e-02
2.848035868435802058e+02 5.605804692606396883e-02
3.053855508833415797e+02 5.999448359233586908e-02
3.274549162877728463e+02 6.414003167343101941e-02
3.511191734215130964e+02 6.657989936631630856e-02
3.764935806792467474e+02 7.107398681527768436e-02
4.037017258596553688e+02 7.585392917361483134e-02
4.328761281083056929e+02 8.091365803181940763e-02
4.641588833612781855e+02 8.630061573432340483e-02
4.977023564332113779e+02 9.199773633654000082e-02
5.336699231206312106e+02 9.814723053900835381e-02
5.722367659350220492e+02 1.047517127920008367e-01
6.135907273413175744e+02 1.121174472421140600e-01
6.579332246575681893e+02 1.197894325091674594e-01
7.054802310718645231e+02 1.338420291479009150e-01
7.564633275546290179e+02 nan
8.111308307896872520e+02 nan
8.697490026177833897e+02 nan
9.326033468832199560e+02 nan
1.000000000000000000e+03 nan
