# Trapping bound for operator=S, sim_name=SFHo-18.80, lepton=e
# using approach=exact, mfp_prescription=thermal
# Duration:	2024-07-21 11:51:35 -> 2024-07-21 18:06:01 (374.43min)
# Parameters:	sim_range=100, X_MAX=100.0, NSTEPS=50, vegas_kwargs={'nitn': 10, 'neval': 1000, 'alpha': 0.5}
# m_chi [MeV] / Lambda [TeV]
1.00e+00 1.76e-02
1.07e+00 1.77e-02
1.15e+00 1.77e-02
1.23e+00 1.77e-02
1.32e+00 1.77e-02
1.42e+00 1.78e-02
1.52e+00 1.78e-02
1.63e+00 1.79e-02
1.75e+00 1.79e-02
1.87e+00 1.80e-02
2.01e+00 1.81e-02
2.15e+00 1.81e-02
2.31e+00 1.82e-02
2.48e+00 1.83e-02
2.66e+00 1.84e-02
2.85e+00 1.85e-02
3.05e+00 1.87e-02
3.27e+00 1.88e-02
3.51e+00 1.90e-02
3.76e+00 1.91e-02
4.04e+00 1.93e-02
4.33e+00 1.94e-02
4.64e+00 1.98e-02
4.98e+00 2.00e-02
5.34e+00 2.02e-02
5.72e+00 2.06e-02
6.14e+00 2.08e-02
6.58e+00 2.12e-02
7.05e+00 2.15e-02
7.56e+00 2.20e-02
8.11e+00 2.25e-02
8.70e+00 2.30e-02
9.33e+00 2.36e-02
1.00e+01 2.42e-02
1.07e+01 2.48e-02
1.15e+01 2.54e-02
1.23e+01 2.61e-02
1.32e+01 2.71e-02
1.42e+01 2.79e-02
1.52e+01 2.89e-02
1.63e+01 2.98e-02
1.75e+01 3.09e-02
1.87e+01 3.21e-02
2.01e+01 3.34e-02
2.15e+01 3.48e-02
2.31e+01 3.62e-02
2.48e+01 3.77e-02
2.66e+01 3.96e-02
2.85e+01 4.13e-02
3.05e+01 4.31e-02
3.27e+01 4.53e-02
3.51e+01 4.73e-02
3.76e+01 4.98e-02
4.04e+01 5.25e-02
4.33e+01 5.49e-02
4.64e+01 5.80e-02
4.98e+01 6.08e-02
5.34e+01 6.38e-02
5.72e+01 6.71e-02
6.14e+01 7.06e-02
6.58e+01 7.44e-02
7.05e+01 7.77e-02
7.56e+01 8.23e-02
8.11e+01 8.61e-02
8.70e+01 9.14e-02
9.33e+01 9.59e-02
1.00e+02 1.02e-01
1.07e+02 1.07e-01
1.15e+02 1.15e-01
1.23e+02 1.21e-01
1.32e+02 1.29e-01
1.42e+02 1.36e-01
1.52e+02 1.46e-01
1.63e+02 1.54e-01
1.75e+02 1.66e-01
1.87e+02 1.75e-01
2.01e+02 1.89e-01
2.15e+02 2.00e-01
2.31e+02 2.16e-01
2.48e+02 2.28e-01
2.66e+02 2.47e-01
2.85e+02 2.61e-01
3.05e+02 2.82e-01
3.27e+02 3.05e-01
3.51e+02 3.29e-01
3.76e+02 3.56e-01
4.04e+02 3.84e-01
4.33e+02 4.13e-01
4.64e+02 nan
4.98e+02 nan
5.34e+02 nan
5.72e+02 nan
6.14e+02 nan
6.58e+02 nan
7.05e+02 nan
7.56e+02 nan
8.11e+02 nan
8.70e+02 nan
9.33e+02 nan
1.00e+03 nan
