# Trapping bound for operator=V, sim_name=SFHo-20.0, lepton=e
# using approach=exact, mfp_prescription=thermal
# Duration:	2024-07-21 11:51:41 -> 2024-07-21 18:58:07 (426.44min)
# Parameters:	sim_range=100, X_MAX=100.0, NSTEPS=50, vegas_kwargs={'nitn': 10, 'neval': 1000, 'alpha': 0.5}
# m_chi [MeV] / Lambda [TeV]
1.00e+00 2.84e-02
1.07e+00 2.84e-02
1.15e+00 2.85e-02
1.23e+00 2.85e-02
1.32e+00 2.86e-02
1.42e+00 2.86e-02
1.52e+00 2.87e-02
1.63e+00 2.87e-02
1.75e+00 2.88e-02
1.87e+00 2.92e-02
2.01e+00 2.93e-02
2.15e+00 2.94e-02
2.31e+00 2.95e-02
2.48e+00 2.96e-02
2.66e+00 2.98e-02
2.85e+00 2.99e-02
3.05e+00 3.01e-02
3.27e+00 3.02e-02
3.51e+00 3.04e-02
3.76e+00 3.06e-02
4.04e+00 3.08e-02
4.33e+00 3.10e-02
4.64e+00 3.16e-02
4.98e+00 3.19e-02
5.34e+00 3.22e-02
5.72e+00 3.25e-02
6.14e+00 3.29e-02
6.58e+00 3.36e-02
7.05e+00 3.40e-02
7.56e+00 3.45e-02
8.11e+00 3.53e-02
8.70e+00 3.58e-02
9.33e+00 3.67e-02
1.00e+01 3.73e-02
1.07e+01 3.83e-02
1.15e+01 3.94e-02
1.23e+01 4.06e-02
1.32e+01 4.13e-02
1.42e+01 4.26e-02
1.52e+01 4.39e-02
1.63e+01 4.53e-02
1.75e+01 4.68e-02
1.87e+01 4.90e-02
2.01e+01 5.06e-02
2.15e+01 5.24e-02
2.31e+01 5.43e-02
2.48e+01 5.70e-02
2.66e+01 5.91e-02
2.85e+01 6.22e-02
3.05e+01 6.46e-02
3.27e+01 6.72e-02
3.51e+01 7.09e-02
3.76e+01 7.39e-02
4.04e+01 7.83e-02
4.33e+01 8.18e-02
4.64e+01 8.55e-02
4.98e+01 8.95e-02
5.34e+01 9.52e-02
5.72e+01 9.97e-02
6.14e+01 1.04e-01
6.58e+01 1.10e-01
7.05e+01 1.15e-01
7.56e+01 1.23e-01
8.11e+01 1.29e-01
8.70e+01 1.36e-01
9.33e+01 1.43e-01
1.00e+02 1.50e-01
1.07e+02 1.58e-01
1.15e+02 1.66e-01
1.23e+02 1.78e-01
1.32e+02 1.88e-01
1.42e+02 1.98e-01
1.52e+02 2.12e-01
1.63e+02 2.24e-01
1.75e+02 2.36e-01
1.87e+02 2.53e-01
2.01e+02 2.67e-01
2.15e+02 2.86e-01
2.31e+02 3.02e-01
2.48e+02 3.24e-01
2.66e+02 3.48e-01
2.85e+02 3.67e-01
3.05e+02 3.94e-01
3.27e+02 4.23e-01
3.51e+02 4.47e-01
3.76e+02 4.79e-01
4.04e+02 5.14e-01
4.33e+02 5.52e-01
4.64e+02 5.92e-01
4.98e+02 6.35e-01
5.34e+02 6.82e-01
5.72e+02 7.32e-01
6.14e+02 7.85e-01
6.58e+02 8.43e-01
7.05e+02 9.31e-01
7.56e+02 nan
8.11e+02 nan
8.70e+02 nan
9.33e+02 nan
1.00e+03 nan
