1.000000000000000000e+00 2.031669653780816126e-02
1.072267222010323318e+00 2.033810265954293442e-02
1.149756995397735793e+00 2.036538330472050656e-02
1.232846739442066131e+00 2.039251961968611276e-02
1.321941148466029059e+00 2.042491528270225579e-02
1.417474162926805281e+00 2.045841998931620387e-02
1.519911082952933645e+00 2.049651101673562528e-02
1.629750834620644184e+00 2.053996540304230123e-02
1.747528400007683835e+00 2.058541171675401169e-02
1.873817422860383886e+00 2.063815822055863058e-02
2.009233002565047332e+00 2.069318461994966787e-02
2.154434690031883814e+00 2.075649334980240318e-02
2.310129700083159765e+00 2.082386424924687063e-02
2.477076355991710610e+00 2.089929338430660671e-02
2.656087782946686460e+00 2.098174430312272146e-02
2.848035868435801810e+00 2.107036969260661641e-02
3.053855508833415389e+00 2.139331394468308584e-02
3.274549162877728570e+00 2.150124553152365017e-02
3.511191734215131088e+00 2.161837641390579323e-02
3.764935806792468309e+00 2.174514587203115260e-02
4.037017258596554470e+00 2.188455704617778275e-02
4.328761281083058243e+00 2.203612476749599453e-02
4.641588833612779297e+00 2.242740342808595064e-02
4.977023564332111683e+00 2.260509059197068557e-02
5.336699231206309513e+00 2.280043239065012925e-02
5.722367659350217295e+00 2.325651371635567913e-02
6.135907273413172547e+00 2.348107165054101608e-02
6.579332246575680720e+00 2.396128943380423579e-02
7.054802310718643277e+00 2.422539676520157892e-02
7.564633275546288615e+00 2.476423732189175775e-02
8.111308307896871739e+00 2.532453038403770229e-02
8.697490026177835176e+00 2.589507417652369553e-02
9.326033468832198636e+00 2.652229276290865925e-02
1.000000000000000000e+01 2.716654940007058594e-02
1.072267222010323096e+01 2.784761278432003329e-02
1.149756995397735615e+01 2.857345989150398766e-02
1.232846739442065953e+01 2.931527591794610629e-02
1.321941148466029325e+01 3.041542947331097799e-02
1.417474162926805548e+01 3.123150512435874174e-02
1.519911082952933867e+01 3.243234029847816280e-02
1.629750834620644184e+01 3.335820356062869224e-02
1.747528400007684013e+01 3.467038415635503162e-02
1.873817422860383886e+01 3.607011561251833448e-02
2.009233002565046888e+01 3.752088413661466837e-02
2.154434690031884614e+01 3.903546169143589512e-02
2.310129700083160387e+01 4.063801113311562435e-02
2.477076355991711409e+01 4.231060011930869169e-02
2.656087782946686815e+01 4.447822665756726718e-02
2.848035868435801987e+01 4.630772568197712852e-02
3.053855508833415655e+01 4.823418364799559460e-02
3.274549162877728037e+01 5.070592982134781990e-02
3.511191734215130822e+01 5.287961573552793504e-02
3.764935806792467332e+01 5.572668525807520506e-02
4.037017258596555536e+01 5.879566631004854577e-02
4.328761281083059487e+01 6.152686396801688301e-02
4.641588833612780007e+01 6.520896993853433909e-02
4.977023564332111505e+01 6.854560158039366136e-02
5.336699231206309690e+01 7.226816669115888880e-02
5.722367659350216940e+01 7.634685633103671654e-02
6.135907273413172902e+01 8.094117060182014212e-02
6.579332246575683030e+01 8.613978691570234325e-02
7.054802310718645231e+01 9.030298310152029551e-02
7.564633275546290747e+01 9.674258578879184334e-02
8.111308307896872805e+01 1.017736278707327829e-01
8.697490026177834466e+01 1.095944669757073636e-01
9.326033468832198992e+01 1.155292173991509380e-01
1.000000000000000000e+02 1.246056211515922524e-01
1.072267222010323167e+02 1.313844271540250963e-01
1.149756995397735579e+02 1.416565436584375781e-01
1.232846739442065882e+02 1.494389454961896346e-01
1.321941148466028721e+02 1.613836309478439701e-01
1.417474162926804695e+02 1.704893427731589695e-01
1.519911082952933157e+02 1.845368301474388517e-01
1.629750834620645037e+02 1.952019084038027208e-01
1.747528400007684866e+02 2.116306265229795369e-01
1.873817422860385022e+02 2.240172960801202207e-01
2.009233002565048025e+02 2.428800605771604948e-01
2.154434690031884543e+02 2.571388351822567753e-01
2.310129700083160458e+02 2.787127884345347306e-01
2.477076355991711409e+02 2.950060338988947373e-01
2.656087782946686957e+02 3.194352879497192599e-01
2.848035868435802058e+02 3.380858967854710739e-01
3.053855508833415797e+02 3.655564373737448247e-01
3.274549162877728463e+02 3.948349551466650009e-01
3.511191734215130964e+02 4.258709114592096889e-01
3.764935806792467474e+02 4.585736222641912940e-01
4.037017258596553688e+02 4.924615219801799504e-01
4.328761281083056929e+02 5.255996462681052916e-01
4.641588833612781855e+02 nan
4.977023564332113779e+02 nan
5.336699231206312106e+02 nan
5.722367659350220492e+02 nan
6.135907273413175744e+02 nan
6.579332246575681893e+02 nan
7.054802310718645231e+02 nan
7.564633275546290179e+02 nan
8.111308307896872520e+02 nan
8.697490026177833897e+02 nan
9.326033468832199560e+02 nan
1.000000000000000000e+03 nan
