1.000000000000000000e+00 6.777516980653436850e-03
1.072267222010323318e+00 6.775217036882981957e-03
1.149756995397735793e+00 6.779045105107177338e-03
1.232846739442066131e+00 6.778134036704536874e-03
1.321941148466029059e+00 6.781569271101310116e-03
1.417474162926805281e+00 6.783598829172305528e-03
1.519911082952933645e+00 6.790198767005663737e-03
1.629750834620644184e+00 6.792564868382346133e-03
1.747528400007683835e+00 6.800706941328830100e-03
1.873817422860383886e+00 6.802759407569897339e-03
2.009233002565047332e+00 6.807360695640311127e-03
2.154434690031883814e+00 6.815178876924593565e-03
2.310129700083159765e+00 6.820472986794635754e-03
2.477076355991710610e+00 6.829354140134296682e-03
2.656087782946686460e+00 6.834033684237463338e-03
2.848035868435801810e+00 6.844030067281317749e-03
3.053855508833415389e+00 6.926632034169385478e-03
3.274549162877728570e+00 6.937614524374647804e-03
3.511191734215131088e+00 6.952302287156435397e-03
3.764935806792468309e+00 6.966014373270445342e-03
4.037017258596554470e+00 6.980971217476128997e-03
4.328761281083058243e+00 6.997550063394827533e-03
4.641588833612779297e+00 7.091822276493311983e-03
4.977023564332111683e+00 7.109490977527187228e-03
5.336699231206309513e+00 7.133797104113532780e-03
5.722367659350217295e+00 7.236733090073715381e-03
6.135907273413172547e+00 7.262018786734471265e-03
6.579332246575680720e+00 7.363518883400322831e-03
7.054802310718643277e+00 7.395651572486438945e-03
7.564633275546288615e+00 7.507008424950144428e-03
8.111308307896871739e+00 7.624018748497795629e-03
8.697490026177835176e+00 7.736152160614510019e-03
9.326033468832198636e+00 7.860423389095249139e-03
1.000000000000000000e+01 7.982470462419972296e-03
1.072267222010323096e+01 8.111066425664215790e-03
1.149756995397735615e+01 8.245480665975775739e-03
1.232846739442065953e+01 8.379074604933626005e-03
1.321941148466029325e+01 8.615705531520197191e-03
1.417474162926805548e+01 8.753276538175694052e-03
1.519911082952933867e+01 9.001877241946894953e-03
1.629750834620644184e+01 9.153315500684475192e-03
1.747528400007684013e+01 9.417721214070595009e-03
1.873817422860383886e+01 9.691802938725891520e-03
2.009233002565046888e+01 9.971160310393375678e-03
2.154434690031884614e+01 1.026353049363431386e-02
2.310129700083160387e+01 1.056300332752876069e-02
2.477076355991711409e+01 1.086955842005224611e-02
2.656087782946686815e+01 1.132193641610881353e-02
2.848035868435801987e+01 1.164154425693053260e-02
3.053855508833415655e+01 1.197775843268390240e-02
3.274549162877728037e+01 1.246688704784500341e-02
3.511191734215130822e+01 1.283810255317482940e-02
3.764935806792467332e+01 1.339890685114327254e-02
4.037017258596555536e+01 1.399217570746863828e-02
4.328761281083059487e+01 1.445682465812171517e-02
4.641588833612780007e+01 1.517778772524653978e-02
4.977023564332111505e+01 1.575549887167622398e-02
5.336699231206309690e+01 1.641365613745883814e-02
5.722367659350216940e+01 1.714627262535387692e-02
6.135907273413172902e+01 1.797900941635809102e-02
6.579332246575683030e+01 1.894586216317335065e-02
7.054802310718645231e+01 1.956110630565168623e-02
7.564633275546290747e+01 2.080237374513442192e-02
8.111308307896872805e+01 2.157277418287966916e-02
8.697490026177834466e+01 2.309474308582254443e-02
9.326033468832198992e+01 2.400172292231427321e-02
1.000000000000000000e+02 2.577756017478476450e-02
1.072267222010323167e+02 2.681265524668380307e-02
1.149756995397735579e+02 2.880264501761686802e-02
1.232846739442065882e+02 2.995913668783015474e-02
1.321941148466028721e+02 3.226316236092226231e-02
1.417474162926804695e+02 3.361334975883142201e-02
1.519911082952933157e+02 3.628228770666048347e-02
1.629750834620645037e+02 3.786450148908342139e-02
1.747528400007684866e+02 4.094964174783224248e-02
1.873817422860385022e+02 4.275000068263268976e-02
2.009233002565048025e+02 4.629461471479423551e-02
2.154434690031884543e+02 4.833058016639957960e-02
2.310129700083160458e+02 5.233442016947249115e-02
2.477076355991711409e+02 5.464629158894527411e-02
2.656087782946686957e+02 5.912266181339655147e-02
2.848035868435802058e+02 6.172890318082469713e-02
3.053855508833415797e+02 6.666373569838950075e-02
3.274549162877728463e+02 7.195768291561618901e-02
3.511191734215130964e+02 7.743603598131121313e-02
3.764935806792467474e+02 8.328170579513256844e-02
4.037017258596553688e+02 8.916556034814873688e-02
4.328761281083056929e+02 9.485852898862655314e-02
4.641588833612781855e+02 nan
4.977023564332113779e+02 nan
5.336699231206312106e+02 nan
5.722367659350220492e+02 nan
6.135907273413175744e+02 nan
6.579332246575681893e+02 nan
7.054802310718645231e+02 nan
7.564633275546290179e+02 nan
8.111308307896872520e+02 nan
8.697490026177833897e+02 nan
9.326033468832199560e+02 nan
1.000000000000000000e+03 nan
