1.000000000000000000e+00 7.311090131041731409e-03
1.072267222010323318e+00 7.311724106556171353e-03
1.149756995397735793e+00 7.315508712939082850e-03
1.232846739442066131e+00 7.317428928130311275e-03
1.321941148466029059e+00 7.321999507456015618e-03
1.417474162926805281e+00 7.321874189500763956e-03
1.519911082952933645e+00 7.323774188342490818e-03
1.629750834620644184e+00 7.328508969284674296e-03
1.747528400007683835e+00 7.331755188094916074e-03
1.873817422860383886e+00 7.448898850707561491e-03
2.009233002565047332e+00 7.451884346285697798e-03
2.154434690031883814e+00 7.459147530881749324e-03
2.310129700083159765e+00 7.465121897147473408e-03
2.477076355991710610e+00 7.473122738166265537e-03
2.656087782946686460e+00 7.481514035464430744e-03
2.848035868435801810e+00 7.487717659509478783e-03
3.053855508833415389e+00 7.499156975123208620e-03
3.274549162877728570e+00 7.511990793101955277e-03
3.511191734215131088e+00 7.521771309639337620e-03
3.764935806792468309e+00 7.535082242648817076e-03
4.037017258596554470e+00 7.550929817318370596e-03
4.328761281083058243e+00 7.569037666517556238e-03
4.641588833612779297e+00 7.702918702873234880e-03
4.977023564332111683e+00 7.724040756420458113e-03
5.336699231206309513e+00 7.742034725938982606e-03
5.722367659350217295e+00 7.765427866307737445e-03
6.135907273413172547e+00 7.797455138983459301e-03
6.579332246575680720e+00 7.946440996315529137e-03
7.054802310718643277e+00 7.980865354196715541e-03
7.564633275546288615e+00 8.011960474566771559e-03
8.111308307896871739e+00 8.167192762467833864e-03
8.697490026177835176e+00 8.203646745624180656e-03
9.326033468832198636e+00 8.368254664474222490e-03
1.000000000000000000e+01 8.406985470256797544e-03
1.072267222010323096e+01 8.585687486806112614e-03
1.149756995397735615e+01 8.760374826207312227e-03
1.232846739442065953e+01 8.942326271230597451e-03
1.321941148466029325e+01 8.992349645633935379e-03
1.417474162926805548e+01 9.186345556497707565e-03
1.519911082952933867e+01 9.384185273493283325e-03
1.629750834620644184e+01 9.590702952160808092e-03
1.747528400007684013e+01 9.803103422203363060e-03
1.873817422860383886e+01 1.020586221756106596e-02
2.009233002565046888e+01 1.044244477019428546e-02
2.154434690031884614e+01 1.069222498993820276e-02
2.310129700083160387e+01 1.095427146300829123e-02
2.477076355991711409e+01 1.142459349287285562e-02
2.656087782946686815e+01 1.171894093527051615e-02
2.848035868435801987e+01 1.227841001960802009e-02
3.053855508833415655e+01 1.261100179716945560e-02
3.274549162877728037e+01 1.296191465363070658e-02
3.511191734215130822e+01 1.364495173731699110e-02
3.764935806792467332e+01 1.407902619616734421e-02
4.037017258596555536e+01 1.493854768983676057e-02
4.328761281083059487e+01 1.546196937007871842e-02
4.641588833612780007e+01 1.600335458336756347e-02
4.977023564332111505e+01 1.657605915879811070e-02
5.336699231206309690e+01 1.768039464163820296e-02
5.722367659350216940e+01 1.832177499248690070e-02
6.135907273413172902e+01 1.899048355342618233e-02
6.579332246575683030e+01 1.970054153696115806e-02
7.054802310718645231e+01 2.043667575998881283e-02
7.564633275546290747e+01 2.188226475165793231e-02
8.111308307896872805e+01 2.273682440244697775e-02
8.697490026177834466e+01 2.367776855766690752e-02
9.326033468832198992e+01 2.463264169309385687e-02
1.000000000000000000e+02 2.566873415917102219e-02
1.072267222010323167e+02 2.673526224399635359e-02
1.149756995397735579e+02 2.785438281355407872e-02
1.232846739442065882e+02 2.999770264861519736e-02
1.321941148466028721e+02 3.124593244402933470e-02
1.417474162926804695e+02 3.253641218191422740e-02
1.519911082952933157e+02 3.496599882209006777e-02
1.629750834620645037e+02 3.637294352999170810e-02
1.747528400007684866e+02 3.780890752809195482e-02
1.873817422860385022e+02 4.055973632445589172e-02
2.009233002565048025e+02 4.219499089907126355e-02
2.154434690031884543e+02 4.522366846960728520e-02
2.310129700083160458e+02 4.700285739657778655e-02
2.477076355991711409e+02 5.034363920970526957e-02
2.656087782946686957e+02 5.391479797367167842e-02
2.848035868435802058e+02 5.600876667193826347e-02
3.053855508833415797e+02 5.991935255441589725e-02
3.274549162877728463e+02 6.406977466145812039e-02
3.511191734215130964e+02 6.652672403635384590e-02
3.764935806792467474e+02 7.101718782892225967e-02
4.037017258596553688e+02 7.580075435069159873e-02
4.328761281083056929e+02 8.085477770312025914e-02
4.641588833612781855e+02 8.621188421594741524e-02
4.977023564332113779e+02 9.194816443467181133e-02
5.336699231206312106e+02 9.809099681300684215e-02
5.722367659350220492e+02 1.046845869410636398e-01
6.135907273413175744e+02 1.120391298011025327e-01
6.579332246575681893e+02 1.196834359235755679e-01
7.054802310718645231e+02 1.337505143071279767e-01
7.564633275546290179e+02 nan
8.111308307896872520e+02 nan
8.697490026177833897e+02 nan
9.326033468832199560e+02 nan
1.000000000000000000e+03 nan
