1.000000000000000000e+00 1.166421545832190855e-02
1.072267222010323318e+00 1.166582818968866370e-02
1.149756995397735793e+00 1.166898099419418945e-02
1.232846739442066131e+00 1.167337686675678360e-02
1.321941148466029059e+00 1.168204884368639548e-02
1.417474162926805281e+00 1.168113171464423526e-02
1.519911082952933645e+00 1.168450306900690149e-02
1.629750834620644184e+00 1.168756822741328326e-02
1.747528400007683835e+00 1.169141522571290857e-02
1.873817422860383886e+00 1.188610188754742059e-02
2.009233002565047332e+00 1.189391614854938550e-02
2.154434690031883814e+00 1.189894137486984318e-02
2.310129700083159765e+00 1.191026910398219722e-02
2.477076355991710610e+00 1.192021361444148969e-02
2.656087782946686460e+00 1.193310373525502920e-02
2.848035868435801810e+00 1.194263425277939002e-02
3.053855508833415389e+00 1.195110213020935536e-02
3.274549162877728570e+00 1.196977913824783489e-02
3.511191734215131088e+00 1.198809135612194376e-02
3.764935806792468309e+00 1.200859265922763104e-02
4.037017258596554470e+00 1.202861648789701511e-02
4.328761281083058243e+00 1.205234786261902280e-02
4.641588833612779297e+00 1.226782078818170960e-02
4.977023564332111683e+00 1.229382923841007558e-02
5.336699231206309513e+00 1.232070953109065670e-02
5.722367659350217295e+00 1.235839165331770705e-02
6.135907273413172547e+00 1.238708840191306282e-02
6.579332246575680720e+00 1.263397826114577398e-02
7.054802310718643277e+00 1.267236452578531132e-02
7.564633275546288615e+00 1.271721733745346215e-02
8.111308307896871739e+00 1.296150741652710679e-02
8.697490026177835176e+00 1.301286004411158527e-02
9.326033468832198636e+00 1.326508568740050742e-02
1.000000000000000000e+01 1.332328093070601731e-02
1.072267222010323096e+01 1.359508298888429181e-02
1.149756995397735615e+01 1.386232155553692932e-02
1.232846739442065953e+01 1.415091978395777335e-02
1.321941148466029325e+01 1.420846989742034425e-02
1.417474162926805548e+01 1.450996223451998107e-02
1.519911082952933867e+01 1.481591039678093087e-02
1.629750834620644184e+01 1.513459415813817391e-02
1.747528400007684013e+01 1.546202999959259659e-02
1.873817422860383886e+01 1.609206504230785428e-02
2.009233002565046888e+01 1.645297661736023348e-02
2.154434690031884614e+01 1.683444252066474550e-02
2.310129700083160387e+01 1.723152149705584057e-02
2.477076355991711409e+01 1.797500180130778141e-02
2.656087782946686815e+01 1.841970379874647082e-02
2.848035868435801987e+01 1.929076158196702320e-02
3.053855508833415655e+01 1.979518574433499975e-02
3.274549162877728037e+01 2.033718935484203627e-02
3.511191734215130822e+01 2.139527505181872472e-02
3.764935806792467332e+01 2.205825891775861636e-02
4.037017258596555536e+01 2.341529603591718106e-02
4.328761281083059487e+01 2.420394586361454548e-02
4.641588833612780007e+01 2.502461779273727413e-02
4.977023564332111505e+01 2.589779323202780550e-02
5.336699231206309690e+01 2.762379563058348780e-02
5.722367659350216940e+01 2.858389475348228903e-02
6.135907273413172902e+01 2.960053682431869684e-02
6.579332246575683030e+01 3.067463007416201815e-02
7.054802310718645231e+01 3.179876351279993518e-02
7.564633275546290747e+01 3.400044090038338573e-02
8.111308307896872805e+01 3.531129110630062962e-02
8.697490026177834466e+01 3.667933444783053054e-02
9.326033468832198992e+01 3.812468708970880721e-02
1.000000000000000000e+02 3.965922310701795045e-02
1.072267222010323167e+02 4.127758570814581834e-02
1.149756995397735579e+02 4.293123772336840394e-02
1.232846739442065882e+02 4.618712204227447271e-02
1.321941148466028721e+02 4.803759078077869671e-02
1.417474162926804695e+02 4.996921548270093910e-02
1.519911082952933157e+02 5.369480595561621633e-02
1.629750834620645037e+02 5.580156332986307977e-02
1.747528400007684866e+02 5.795622838596321130e-02
1.873817422860385022e+02 6.213988568073335744e-02
2.009233002565048025e+02 6.456538300349938531e-02
2.154434690031884543e+02 6.916330803690637352e-02
2.310129700083160458e+02 7.181519246647452559e-02
2.477076355991711409e+02 7.686840811501192972e-02
2.656087782946686957e+02 8.231519671601777999e-02
2.848035868435802058e+02 8.540034284293024358e-02
3.053855508833415797e+02 9.135664537989032774e-02
3.274549162877728463e+02 9.762172412201756966e-02
3.511191734215130964e+02 1.012953214912020450e-01
3.764935806792467474e+02 1.081510970179906522e-01
4.037017258596553688e+02 1.153336158977682074e-01
4.328761281083056929e+02 1.229215789632064765e-01
4.641588833612781855e+02 1.311027705834475476e-01
4.977023564332113779e+02 1.396794507419105713e-01
5.336699231206312106e+02 1.487890135465716468e-01
5.722367659350220492e+02 1.587099085249729369e-01
6.135907273413175744e+02 1.694004881799118789e-01
6.579332246575681893e+02 1.805954013532197200e-01
7.054802310718645231e+02 2.005608103388878405e-01
7.564633275546290179e+02 nan
8.111308307896872520e+02 nan
8.697490026177833897e+02 nan
9.326033468832199560e+02 nan
1.000000000000000000e+03 nan
