1.000000000000000000e+00 6.804648680228438627e-03
1.072267222010323318e+00 6.807342372844464584e-03
1.149756995397735793e+00 6.807852028286573258e-03
1.232846739442066131e+00 6.810906563746593062e-03
1.321941148466029059e+00 6.813291478703785778e-03
1.417474162926805281e+00 6.815138131498761631e-03
1.519911082952933645e+00 6.818121898828698874e-03
1.629750834620644184e+00 6.822243680798061559e-03
1.747528400007683835e+00 6.826689861932328830e-03
1.873817422860383886e+00 6.829706534694246836e-03
2.009233002565047332e+00 6.834376143697260333e-03
2.154434690031883814e+00 6.843811381825629266e-03
2.310129700083159765e+00 6.849363477044783689e-03
2.477076355991710610e+00 6.857422888565338666e-03
2.656087782946686460e+00 6.864732178853425251e-03
2.848035868435801810e+00 6.873397378711574093e-03
3.053855508833415389e+00 6.956476261093831950e-03
3.274549162877728570e+00 6.969121915086484015e-03
3.511191734215131088e+00 6.979670582841275561e-03
3.764935806792468309e+00 6.996775745442363435e-03
4.037017258596554470e+00 7.009098649943284152e-03
4.328761281083058243e+00 7.028259975994412267e-03
4.641588833612779297e+00 7.117842482936242304e-03
4.977023564332111683e+00 7.141693722595384743e-03
5.336699231206309513e+00 7.158514666760863038e-03
5.722367659350217295e+00 7.264124782676193229e-03
6.135907273413172547e+00 7.289582889231099525e-03
6.579332246575680720e+00 7.392719206839777797e-03
7.054802310718643277e+00 7.419924415896931094e-03
7.564633275546288615e+00 7.537993946616671111e-03
8.111308307896871739e+00 7.647728021400068688e-03
8.697490026177835176e+00 7.764926578300477070e-03
9.326033468832198636e+00 7.888019761401035557e-03
1.000000000000000000e+01 8.010531585479839511e-03
1.072267222010323096e+01 8.141289062387646602e-03
1.149756995397735615e+01 8.273218480949959264e-03
1.232846739442065953e+01 8.405485078540365917e-03
1.321941148466029325e+01 8.643312744990243324e-03
1.417474162926805548e+01 8.782392202908217982e-03
1.519911082952933867e+01 9.027800078405784356e-03
1.629750834620644184e+01 9.182174292471891736e-03
1.747528400007684013e+01 9.443180068339187411e-03
1.873817422860383886e+01 9.722004826476544556e-03
2.009233002565046888e+01 1.000814384402705891e-02
2.154434690031884614e+01 1.028572986344853703e-02
2.310129700083160387e+01 1.059252051622265947e-02
2.477076355991711409e+01 1.089916455829744932e-02
2.656087782946686815e+01 1.135062962176128579e-02
2.848035868435801987e+01 1.167267680772456420e-02
3.053855508833415655e+01 1.201063748743327886e-02
3.274549162877728037e+01 1.249707788965216150e-02
3.511191734215130822e+01 1.286891579110641982e-02
3.764935806792467332e+01 1.342282544249131029e-02
4.037017258596555536e+01 1.402160080486171932e-02
4.328761281083059487e+01 1.448920782055048394e-02
4.641588833612780007e+01 1.521291736660377453e-02
4.977023564332111505e+01 1.579324296930628008e-02
5.336699231206309690e+01 1.644911456517209741e-02
5.722367659350216940e+01 1.717603220719877630e-02
6.135907273413172902e+01 1.801278098702541533e-02
6.579332246575683030e+01 1.898829088013487959e-02
7.054802310718645231e+01 1.960142025908792260e-02
7.564633275546290747e+01 2.084531718592599198e-02
8.111308307896872805e+01 2.161041112111721646e-02
8.697490026177834466e+01 2.313752407064386188e-02
9.326033468832198992e+01 2.404292039968403127e-02
1.000000000000000000e+02 2.582561488221700452e-02
1.072267222010323167e+02 2.686254996312454832e-02
1.149756995397735579e+02 2.885056326452038744e-02
1.232846739442065882e+02 3.000794958521435865e-02
1.321941148466028721e+02 3.228535206462394835e-02
1.417474162926804695e+02 3.367941982199500195e-02
1.519911082952933157e+02 3.633528622376253764e-02
1.629750834620645037e+02 3.791975125722023970e-02
1.747528400007684866e+02 4.102379115157540196e-02
1.873817422860385022e+02 4.284042341721563951e-02
2.009233002565048025e+02 4.635471379976938838e-02
2.154434690031884543e+02 4.841082813384207928e-02
2.310129700083160458e+02 5.240261263709029144e-02
2.477076355991711409e+02 5.471367683756659522e-02
2.656087782946686957e+02 5.916987491827144924e-02
2.848035868435802058e+02 6.178269406023424726e-02
3.053855508833415797e+02 6.672366325302767076e-02
3.274549162877728463e+02 7.200084204650274156e-02
3.511191734215130964e+02 7.752964431769283904e-02
3.764935806792467474e+02 8.336152348236081089e-02
4.037017258596553688e+02 8.922454711459815169e-02
4.328761281083056929e+02 9.495184484009343284e-02
4.641588833612781855e+02 nan
4.977023564332113779e+02 nan
5.336699231206312106e+02 nan
5.722367659350220492e+02 nan
6.135907273413175744e+02 nan
6.579332246575681893e+02 nan
7.054802310718645231e+02 nan
7.564633275546290179e+02 nan
8.111308307896872520e+02 nan
8.697490026177833897e+02 nan
9.326033468832199560e+02 nan
1.000000000000000000e+03 nan
