1.000000000000000000e+00 1.093866095919368737e-02
1.072267222010323318e+00 1.093805040531717863e-02
1.149756995397735793e+00 1.095036146518189694e-02
1.232846739442066131e+00 1.094703209980229727e-02
1.321941148466029059e+00 1.094742406539544154e-02
1.417474162926805281e+00 1.095149075877224591e-02
1.519911082952933645e+00 1.096127878893501939e-02
1.629750834620644184e+00 1.096341127051700393e-02
1.747528400007683835e+00 1.097021803181826363e-02
1.873817422860383886e+00 1.097855282540878032e-02
2.009233002565047332e+00 1.098875973366239545e-02
2.154434690031883814e+00 1.099275096982906506e-02
2.310129700083159765e+00 1.100033816167444826e-02
2.477076355991710610e+00 1.101374922010297380e-02
2.656087782946686460e+00 1.101949140318868314e-02
2.848035868435801810e+00 1.103729261076798716e-02
3.053855508833415389e+00 1.117107736053774870e-02
3.274549162877728570e+00 1.118327302687949741e-02
3.511191734215131088e+00 1.120639360721446473e-02
3.764935806792468309e+00 1.122274225842835593e-02
4.037017258596554470e+00 1.124256909112433117e-02
4.328761281083058243e+00 1.126657346275664225e-02
4.641588833612779297e+00 1.141845032371484152e-02
4.977023564332111683e+00 1.144616056320247113e-02
5.336699231206309513e+00 1.147557175123579964e-02
5.722367659350217295e+00 1.163839154392144228e-02
6.135907273413172547e+00 1.167033964213141754e-02
6.579332246575680720e+00 1.183451956346970139e-02
7.054802310718643277e+00 1.187083741435110244e-02
7.564633275546288615e+00 1.204832360175070796e-02
8.111308307896871739e+00 1.223120137999087094e-02
8.697490026177835176e+00 1.240260580566415922e-02
9.326033468832198636e+00 1.259617565212228091e-02
1.000000000000000000e+01 1.278643768486485872e-02
1.072267222010323096e+01 1.298867675263215039e-02
1.149756995397735615e+01 1.319036824006438943e-02
1.232846739442065953e+01 1.339222629522726811e-02
1.321941148466029325e+01 1.376295681023323100e-02
1.417474162926805548e+01 1.397669398013317438e-02
1.519911082952933867e+01 1.436545673397334431e-02
1.629750834620644184e+01 1.459863804359908153e-02
1.747528400007684013e+01 1.501132669307509923e-02
1.873817422860383886e+01 1.544558522561669499e-02
2.009233002565046888e+01 1.588221570754795239e-02
2.154434690031884614e+01 1.632379089861010074e-02
2.310129700083160387e+01 1.681014400390768576e-02
2.477076355991711409e+01 1.727934789813376920e-02
2.656087782946686815e+01 1.799246962452783968e-02
2.848035868435801987e+01 1.848501920094741333e-02
3.053855508833415655e+01 1.901086521677800359e-02
3.274549162877728037e+01 1.978653413377665093e-02
3.511191734215130822e+01 2.035477709184076167e-02
3.764935806792467332e+01 2.122727535639584023e-02
4.037017258596555536e+01 2.217953571221232406e-02
4.328761281083059487e+01 2.288516763619123651e-02
4.641588833612780007e+01 2.402939043649940029e-02
4.977023564332111505e+01 2.491028385175361390e-02
5.336699231206309690e+01 2.593445700949058297e-02
5.722367659350216940e+01 2.704854595806904793e-02
6.135907273413172902e+01 2.834014812487458540e-02
6.579332246575683030e+01 2.984269948352910248e-02
7.054802310718645231e+01 3.076357074759134350e-02
7.564633275546290747e+01 3.267444963253787055e-02
8.111308307896872805e+01 3.380963458114026599e-02
8.697490026177834466e+01 3.616755621691236655e-02
9.326033468832198992e+01 3.754387528522007411e-02
1.000000000000000000e+02 4.027267633191450313e-02
1.072267222010323167e+02 4.179004949795844109e-02
1.149756995397735579e+02 4.484391247546622161e-02
1.232846739442065882e+02 4.659561384400000283e-02
1.321941148466028721e+02 5.012217037845193707e-02
1.417474162926804695e+02 5.216164721305989460e-02
1.519911082952933157e+02 5.625286384926743433e-02
1.629750834620645037e+02 5.863251897599168483e-02
1.747528400007684866e+02 6.338867779989994233e-02
1.873817422860385022e+02 6.609818127917607700e-02
2.009233002565048025e+02 7.148558206789035196e-02
2.154434690031884543e+02 7.454294278586411082e-02
2.310129700083160458e+02 8.061687750978177580e-02
2.477076355991711409e+02 8.416143776792975317e-02
2.656087782946686957e+02 9.086710230169794955e-02
2.848035868435802058e+02 9.473992571791793604e-02
3.053855508833415797e+02 1.021883541532110223e-01
3.274549162877728463e+02 1.099758854907216810e-01
3.511191734215130964e+02 1.182549504226397402e-01
3.764935806792467474e+02 1.268257683595949425e-01
4.037017258596553688e+02 1.354963999539639252e-01
4.328761281083056929e+02 1.436268587423394083e-01
4.641588833612781855e+02 nan
4.977023564332113779e+02 nan
5.336699231206312106e+02 nan
5.722367659350220492e+02 nan
6.135907273413175744e+02 nan
6.579332246575681893e+02 nan
7.054802310718645231e+02 nan
7.564633275546290179e+02 nan
8.111308307896872520e+02 nan
8.697490026177833897e+02 nan
9.326033468832199560e+02 nan
1.000000000000000000e+03 nan
