1.000000000000000000e+00 6.808660471796299310e-03
1.072267222010323318e+00 6.809002712375056277e-03
1.149756995397735793e+00 6.813041479266356351e-03
1.232846739442066131e+00 6.812808966741048383e-03
1.321941148466029059e+00 6.815592309704334752e-03
1.417474162926805281e+00 6.818744507604717654e-03
1.519911082952933645e+00 6.822558278743252706e-03
1.629750834620644184e+00 6.826943749408797418e-03
1.747528400007683835e+00 6.830415892935403840e-03
1.873817422860383886e+00 6.835503080846232205e-03
2.009233002565047332e+00 6.841593958115571236e-03
2.154434690031883814e+00 6.846885759859097989e-03
2.310129700083159765e+00 6.852423514592133509e-03
2.477076355991710610e+00 6.859134800439993171e-03
2.656087782946686460e+00 6.866830592144421153e-03
2.848035868435801810e+00 6.880102672029516156e-03
3.053855508833415389e+00 6.960020161832908975e-03
3.274549162877728570e+00 6.973128275991257938e-03
3.511191734215131088e+00 6.985282536511210234e-03
3.764935806792468309e+00 6.999808976791086976e-03
4.037017258596554470e+00 7.014650911041891111e-03
4.328761281083058243e+00 7.031619908180949084e-03
4.641588833612779297e+00 7.122122820095392465e-03
4.977023564332111683e+00 7.142359066667189164e-03
5.336699231206309513e+00 7.167528990086896416e-03
5.722367659350217295e+00 7.268657786834832948e-03
6.135907273413172547e+00 7.293456372812670736e-03
6.579332246575680720e+00 7.396336961898316090e-03
7.054802310718643277e+00 7.428017230548665528e-03
7.564633275546288615e+00 7.541809325940137740e-03
8.111308307896871739e+00 7.652608605627362476e-03
8.697490026177835176e+00 7.767345596946380500e-03
9.326033468832198636e+00 7.889265033118838741e-03
1.000000000000000000e+01 8.013063557150866198e-03
1.072267222010323096e+01 8.140438826538492004e-03
1.149756995397735615e+01 8.282815823182817713e-03
1.232846739442065953e+01 8.409244389216589260e-03
1.321941148466029325e+01 8.644945270886049069e-03
1.417474162926805548e+01 8.784896817233048966e-03
1.519911082952933867e+01 9.031984120733931379e-03
1.629750834620644184e+01 9.185665921927018210e-03
1.747528400007684013e+01 9.444547559055656988e-03
1.873817422860383886e+01 9.725845283483362108e-03
2.009233002565046888e+01 1.000438103733179360e-02
2.154434690031884614e+01 1.029008005067418366e-02
2.310129700083160387e+01 1.059183050759801917e-02
2.477076355991711409e+01 1.090067504774048374e-02
2.656087782946686815e+01 1.134998360645428014e-02
2.848035868435801987e+01 1.167306058788356721e-02
3.053855508833415655e+01 1.201155705558040222e-02
3.274549162877728037e+01 1.249783182428628077e-02
3.511191734215130822e+01 1.287488325600789733e-02
3.764935806792467332e+01 1.342600237193243042e-02
4.037017258596555536e+01 1.402678016174110226e-02
4.328761281083059487e+01 1.449278227891356505e-02
4.641588833612780007e+01 1.521694347743249125e-02
4.977023564332111505e+01 1.579298567792527044e-02
5.336699231206309690e+01 1.645294567624135465e-02
5.722367659350216940e+01 1.717995272569071072e-02
6.135907273413172902e+01 1.801680476367933242e-02
6.579332246575683030e+01 1.898595426865579833e-02
7.054802310718645231e+01 1.960367529946106108e-02
7.564633275546290747e+01 2.084082128470278461e-02
8.111308307896872805e+01 2.160804267964644421e-02
8.697490026177834466e+01 2.313566678567863244e-02
9.326033468832198992e+01 2.404867229647757523e-02
1.000000000000000000e+02 2.582868430144958163e-02
1.072267222010323167e+02 2.685536756115101606e-02
1.149756995397735579e+02 2.884564691223381883e-02
1.232846739442065882e+02 3.000825636539380947e-02
1.321941148466028721e+02 3.229837407125127346e-02
1.417474162926804695e+02 3.365722092256342307e-02
1.519911082952933157e+02 3.633921799963699129e-02
1.629750834620645037e+02 3.791342352957756401e-02
1.747528400007684866e+02 4.102081089952658993e-02
1.873817422860385022e+02 4.281666866668894927e-02
2.009233002565048025e+02 4.636257685064017198e-02
2.154434690031884543e+02 4.840758907693956670e-02
2.310129700083160458e+02 5.239421592901858521e-02
2.477076355991711409e+02 5.472612024753602256e-02
2.656087782946686957e+02 5.917850794607380782e-02
2.848035868435802058e+02 6.180651315722877903e-02
3.053855508833415797e+02 6.672281541758487422e-02
3.274549162877728463e+02 7.202379950650704410e-02
3.511191734215130964e+02 7.752661354112859449e-02
3.764935806792467474e+02 8.334324741668230896e-02
4.037017258596553688e+02 8.923655886054869535e-02
4.328761281083056929e+02 9.494253042269258647e-02
4.641588833612781855e+02 nan
4.977023564332113779e+02 nan
5.336699231206312106e+02 nan
5.722367659350220492e+02 nan
6.135907273413175744e+02 nan
6.579332246575681893e+02 nan
7.054802310718645231e+02 nan
7.564633275546290179e+02 nan
8.111308307896872520e+02 nan
8.697490026177833897e+02 nan
9.326033468832199560e+02 nan
1.000000000000000000e+03 nan
