1.000000000000000000e+00 7.340090015755441726e-03
1.072267222010323318e+00 7.340853793108909758e-03
1.149756995397735793e+00 7.343366269995343400e-03
1.232846739442066131e+00 7.346831928403565679e-03
1.321941148466029059e+00 7.349268171448461277e-03
1.417474162926805281e+00 7.349565438611255566e-03
1.519911082952933645e+00 7.355541542959064157e-03
1.629750834620644184e+00 7.355896986487539015e-03
1.747528400007683835e+00 7.361701417038527852e-03
1.873817422860383886e+00 7.477261966766777547e-03
2.009233002565047332e+00 7.482387045201612484e-03
2.154434690031883814e+00 7.489279810852065775e-03
2.310129700083159765e+00 7.495026396890687101e-03
2.477076355991710610e+00 7.503759602826219101e-03
2.656087782946686460e+00 7.510615201886798077e-03
2.848035868435801810e+00 7.519663994206538492e-03
3.053855508833415389e+00 7.529022049171845213e-03
3.274549162877728570e+00 7.542188384422970036e-03
3.511191734215131088e+00 7.551543071708233940e-03
3.764935806792468309e+00 7.568756332508749102e-03
4.037017258596554470e+00 7.581162806963405616e-03
4.328761281083058243e+00 7.597916242943174824e-03
4.641588833612779297e+00 7.730821484263021744e-03
4.977023564332111683e+00 7.753540342336383805e-03
5.336699231206309513e+00 7.773939574139894157e-03
5.722367659350217295e+00 7.800027296566381003e-03
6.135907273413172547e+00 7.822111145436853180e-03
6.579332246575680720e+00 7.977703264277682255e-03
7.054802310718643277e+00 8.008122678183187890e-03
7.564633275546288615e+00 8.040834580557688904e-03
8.111308307896871739e+00 8.198260051589491976e-03
8.697490026177835176e+00 8.231677774154008004e-03
9.326033468832198636e+00 8.396931748296811507e-03
1.000000000000000000e+01 8.435562079174207736e-03
1.072267222010323096e+01 8.612824541847365414e-03
1.149756995397735615e+01 8.790405562729190769e-03
1.232846739442065953e+01 8.970102862694628171e-03
1.321941148466029325e+01 9.020648375933210811e-03
1.417474162926805548e+01 9.217525304678522713e-03
1.519911082952933867e+01 9.413015378313427731e-03
1.629750834620644184e+01 9.623866604262423102e-03
1.747528400007684013e+01 9.834014813383123305e-03
1.873817422860383886e+01 1.022923167562565967e-02
2.009233002565046888e+01 1.046821666405184023e-02
2.154434690031884614e+01 1.071633046996542556e-02
2.310129700083160387e+01 1.098731237138441362e-02
2.477076355991711409e+01 1.145565208055775164e-02
2.656087782946686815e+01 1.174694830342302466e-02
2.848035868435801987e+01 1.230662367557630414e-02
3.053855508833415655e+01 1.263613901224521809e-02
3.274549162877728037e+01 1.298832204094594288e-02
3.511191734215130822e+01 1.367929373449051390e-02
3.764935806792467332e+01 1.411188467937132297e-02
4.037017258596555536e+01 1.497357160142799050e-02
4.328761281083059487e+01 1.548870634394163351e-02
4.641588833612780007e+01 1.603824965357042096e-02
4.977023564332111505e+01 1.660746598921904529e-02
5.336699231206309690e+01 1.771099916969659169e-02
5.722367659350216940e+01 1.834594443636064845e-02
6.135907273413172902e+01 1.902772911825432664e-02
6.579332246575683030e+01 1.973826303766210849e-02
7.054802310718645231e+01 2.047540759338524127e-02
7.564633275546290747e+01 2.191521119161337142e-02
8.111308307896872805e+01 2.279423940452961206e-02
8.697490026177834466e+01 2.370186599096045163e-02
9.326033468832198992e+01 2.468647983592709219e-02
1.000000000000000000e+02 2.569610720865377756e-02
1.072267222010323167e+02 2.678372668532947795e-02
1.149756995397735579e+02 2.788081437085573877e-02
1.232846739442065882e+02 3.003802118417310540e-02
1.321941148466028721e+02 3.128054603560206925e-02
1.417474162926804695e+02 3.256826871750467117e-02
1.519911082952933157e+02 3.501064652120065845e-02
1.629750834620645037e+02 3.641415305072859265e-02
1.747528400007684866e+02 3.785848998241933550e-02
1.873817422860385022e+02 4.061778191431332508e-02
2.009233002565048025e+02 4.223973787223678916e-02
2.154434690031884543e+02 4.526780543516815969e-02
2.310129700083160458e+02 4.704938469028300402e-02
2.477076355991711409e+02 5.040074131177595812e-02
2.656087782946686957e+02 5.396788358987261724e-02
2.848035868435802058e+02 5.606294234387868003e-02
3.053855508833415797e+02 5.998525895973380595e-02
3.274549162877728463e+02 6.410801535298728260e-02
3.511191734215130964e+02 6.655948720147886188e-02
3.764935806792467474e+02 7.109526552826418710e-02
4.037017258596553688e+02 7.587372486138944938e-02
4.328761281083056929e+02 8.091175225971186658e-02
4.641588833612781855e+02 8.630525423725893264e-02
4.977023564332113779e+02 9.201822967010686583e-02
5.336699231206312106e+02 9.817335366999778434e-02
5.722367659350220492e+02 1.047923707714702030e-01
6.135907273413175744e+02 1.121323215205756035e-01
6.579332246575681893e+02 1.197659529543140117e-01
7.054802310718645231e+02 1.338451496644312844e-01
7.564633275546290179e+02 nan
8.111308307896872520e+02 nan
8.697490026177833897e+02 nan
9.326033468832199560e+02 nan
1.000000000000000000e+03 nan
