1.000000000000000000e+00 1.880145229293340645e-02
1.072267222010323318e+00 1.880691778356397698e-02
1.149756995397735793e+00 1.881121100961022016e-02
1.232846739442066131e+00 1.882091527901433303e-02
1.321941148466029059e+00 1.881624209274109644e-02
1.417474162926805281e+00 1.882362078490874488e-02
1.519911082952933645e+00 1.883290048502581776e-02
1.629750834620644184e+00 1.884031577241867053e-02
1.747528400007683835e+00 1.884882939400194662e-02
1.873817422860383886e+00 1.915719812167277977e-02
2.009233002565047332e+00 1.917305082008519818e-02
2.154434690031883814e+00 1.917424246320498585e-02
2.310129700083159765e+00 1.918588941885893129e-02
2.477076355991710610e+00 1.921164214281624594e-02
2.656087782946686460e+00 1.922349135561282618e-02
2.848035868435801810e+00 1.924785519629932870e-02
3.053855508833415389e+00 1.926870116958223980e-02
3.274549162877728570e+00 1.929119197076500924e-02
3.511191734215131088e+00 1.931770384196704674e-02
3.764935806792468309e+00 1.934866629888119111e-02
4.037017258596554470e+00 1.938206299584528669e-02
4.328761281083058243e+00 1.942352074939829309e-02
4.641588833612779297e+00 1.976865758260406766e-02
4.977023564332111683e+00 1.979845872831270670e-02
5.336699231206309513e+00 1.985599855169424555e-02
5.722367659350217295e+00 1.990435947802890460e-02
6.135907273413172547e+00 1.995579816803324039e-02
6.579332246575680720e+00 2.034861006820739074e-02
7.054802310718643277e+00 2.041509909615441334e-02
7.564633275546288615e+00 2.047302665163034177e-02
8.111308307896871739e+00 2.087098536123595943e-02
8.697490026177835176e+00 2.094351716070038533e-02
9.326033468832198636e+00 2.135874912008670426e-02
1.000000000000000000e+01 2.143969611765167080e-02
1.072267222010323096e+01 2.188308787970351388e-02
1.149756995397735615e+01 2.231047168548333515e-02
1.232846739442065953e+01 2.276158972050799228e-02
1.321941148466029325e+01 2.286779171871772612e-02
1.417474162926805548e+01 2.334136957016485700e-02
1.519911082952933867e+01 2.383699765081536207e-02
1.629750834620644184e+01 2.434540865372394197e-02
1.747528400007684013e+01 2.487626657286759121e-02
1.873817422860383886e+01 2.586824599377740563e-02
2.009233002565046888e+01 2.646516683347386809e-02
2.154434690031884614e+01 2.707238949472498546e-02
2.310129700083160387e+01 2.771804151122690685e-02
2.477076355991711409e+01 2.889863497716775587e-02
2.656087782946686815e+01 2.961925715406855952e-02
2.848035868435801987e+01 3.101784479908140449e-02
3.053855508833415655e+01 3.181875629983942771e-02
3.274549162877728037e+01 3.266695187440205039e-02
3.511191734215130822e+01 3.440210902895844691e-02
3.764935806792467332e+01 3.544439311485300670e-02
4.037017258596555536e+01 3.760514458926438042e-02
4.328761281083059487e+01 3.886860143621129887e-02
4.641588833612780007e+01 4.019652863966961115e-02
4.977023564332111505e+01 4.159036801057273275e-02
5.336699231206309690e+01 4.433528727651844803e-02
5.722367659350216940e+01 4.590420652017943720e-02
6.135907273413172902e+01 4.753882270431628726e-02
6.579332246575683030e+01 4.923381846005354251e-02
7.054802310718645231e+01 5.104043645741351831e-02
7.564633275546290747e+01 5.456271099885218190e-02
8.111308307896872805e+01 5.659666034685115199e-02
8.697490026177834466e+01 5.879325191054888405e-02
9.326033468832198992e+01 6.111916687736933945e-02
1.000000000000000000e+02 6.352211805352815654e-02
1.072267222010323167e+02 6.610805651291469520e-02
1.149756995397735579e+02 6.874687352725111777e-02
1.232846739442065882e+02 7.396362367368994328e-02
1.321941148466028721e+02 7.693091757365555505e-02
1.417474162926804695e+02 7.997760601170826600e-02
1.519911082952933157e+02 8.588836526031255747e-02
1.629750834620645037e+02 8.928121817193622467e-02
1.747528400007684866e+02 9.272456312104991605e-02
1.873817422860385022e+02 9.937981158524050729e-02
2.009233002565048025e+02 1.032288156537271850e-01
2.154434690031884543e+02 1.105765200920013347e-01
2.310129700083160458e+02 1.148000137049959291e-01
2.477076355991711409e+02 1.228736254241482029e-01
2.656087782946686957e+02 1.315316150747520285e-01
2.848035868435802058e+02 1.365008397237810200e-01
3.053855508833415797e+02 1.459450961219996845e-01
3.274549162877728463e+02 1.559533954911123121e-01
3.511191734215130964e+02 1.617946844620973545e-01
3.764935806792467474e+02 1.727136804813627635e-01
4.037017258596553688e+02 1.842235655563418673e-01
4.328761281083056929e+02 1.963152134835677298e-01
4.641588833612781855e+02 2.093048672353372275e-01
4.977023564332113779e+02 2.229524899326150444e-01
5.336699231206312106e+02 2.375320840874527162e-01
5.722367659350220492e+02 2.530423825635084167e-01
6.135907273413175744e+02 2.701417807134078308e-01
6.579332246575681893e+02 2.877607189588184400e-01
7.054802310718645231e+02 3.193597876279721803e-01
7.564633275546290179e+02 nan
8.111308307896872520e+02 nan
8.697490026177833897e+02 nan
9.326033468832199560e+02 nan
1.000000000000000000e+03 nan
