1.000000000000000000e+00 3.785578804147648330e-02
1.072267222010323318e+00 3.787648186189979116e-02
1.149756995397735793e+00 3.787635340063758016e-02
1.232846739442066131e+00 3.791168643197215249e-02
1.321941148466029059e+00 3.789636874527424482e-02
1.417474162926805281e+00 3.791501663936799882e-02
1.519911082952933645e+00 3.793381268859769007e-02
1.629750834620644184e+00 3.794818957390653363e-02
1.747528400007683835e+00 3.796579415326310075e-02
1.873817422860383886e+00 3.797498531765940849e-02
2.009233002565047332e+00 3.798941663484137893e-02
2.154434690031883814e+00 3.801077065975489583e-02
2.310129700083159765e+00 3.802200825285829283e-02
2.477076355991710610e+00 3.804716323293926700e-02
2.656087782946686460e+00 3.804771913727431065e-02
2.848035868435801810e+00 3.805109592117612849e-02
3.053855508833415389e+00 3.808368400210083993e-02
3.274549162877728570e+00 3.811762398650658107e-02
3.511191734215131088e+00 3.861020702455187498e-02
3.764935806792468309e+00 3.862946367626454713e-02
4.037017258596554470e+00 3.861587953005671259e-02
4.328761281083058243e+00 3.863826394700693029e-02
4.641588833612779297e+00 3.864031676805724375e-02
4.977023564332111683e+00 3.862103137326481500e-02
5.336699231206309513e+00 3.864064113423076180e-02
5.722367659350217295e+00 3.910180347566048070e-02
6.135907273413172547e+00 3.908007463358782047e-02
6.579332246575680720e+00 3.905868105739456614e-02
7.054802310718643277e+00 3.901434324962631262e-02
7.564633275546288615e+00 3.943689129175691199e-02
8.111308307896871739e+00 3.940071422436148413e-02
8.697490026177835176e+00 3.986797797429197238e-02
9.326033468832198636e+00 3.979088484141485305e-02
1.000000000000000000e+01 4.022067685845556045e-02
1.072267222010323096e+01 4.064254842211826452e-02
1.149756995397735615e+01 4.054127892365832347e-02
1.232846739442065953e+01 4.097363847729075526e-02
1.321941148466029325e+01 4.134891155332067608e-02
1.417474162926805548e+01 4.177459247525586866e-02
1.519911082952933867e+01 4.214539365140528709e-02
1.629750834620644184e+01 4.251822494629346749e-02
1.747528400007684013e+01 4.346953535785781642e-02
1.873817422860383886e+01 4.381261331232818440e-02
2.009233002565046888e+01 4.415284120343459379e-02
2.154434690031884614e+01 4.514927770426175463e-02
2.310129700083160387e+01 4.612516443277300815e-02
2.477076355991711409e+01 4.648825177008704401e-02
2.656087782946686815e+01 4.755042401500815530e-02
2.848035868435801987e+01 4.865139484860235564e-02
3.053855508833415655e+01 4.983160373549126720e-02
3.274549162877728037e+01 5.107163364752893148e-02
3.511191734215130822e+01 5.245189756382284685e-02
3.764935806792467332e+01 5.396431385651542095e-02
4.037017258596555536e+01 5.460810139613917619e-02
4.328761281083059487e+01 5.643169397858328190e-02
4.641588833612780007e+01 5.852896092865390171e-02
4.977023564332111505e+01 5.942420953074512013e-02
5.336699231206309690e+01 6.212131493846836938e-02
5.722367659350216940e+01 6.333074452099429763e-02
6.135907273413172902e+01 6.681179202978319853e-02
6.579332246575683030e+01 6.836669834503832088e-02
7.054802310718645231e+01 7.004874286631739000e-02
7.564633275546290747e+01 7.180500758274836748e-02
8.111308307896872805e+01 7.653585175450031142e-02
8.697490026177834466e+01 7.853522156292579159e-02
9.326033468832198992e+01 8.056712317009001589e-02
1.000000000000000000e+02 8.596447856869815496e-02
1.072267222010323167e+02 8.817527806105392163e-02
1.149756995397735579e+02 9.433175251428077557e-02
1.232846739442065882e+02 9.692645546100024656e-02
1.321941148466028721e+02 9.972895240241821946e-02
1.417474162926804695e+02 1.070206319636886338e-01
1.519911082952933157e+02 1.101883642091756738e-01
1.629750834620645037e+02 1.184058277567636985e-01
1.747528400007684866e+02 1.218925953868129908e-01
1.873817422860385022e+02 1.255496751619263884e-01
2.009233002565048025e+02 1.351274200077625387e-01
2.154434690031884543e+02 1.389901256997395640e-01
2.310129700083160458e+02 1.493339722589882290e-01
2.477076355991711409e+02 1.536191466193283506e-01
2.656087782946686957e+02 1.648371946685590339e-01
2.848035868435802058e+02 1.765491329574961077e-01
3.053855508833415797e+02 1.811368630689280945e-01
3.274549162877728463e+02 1.933082773758951767e-01
3.511191734215130964e+02 2.059385075916797259e-01
3.764935806792467474e+02 2.180439880665223928e-01
4.037017258596553688e+02 2.359861884963695144e-01
4.328761281083056929e+02 nan
4.641588833612781855e+02 nan
4.977023564332113779e+02 nan
5.336699231206312106e+02 nan
5.722367659350220492e+02 nan
6.135907273413175744e+02 nan
6.579332246575681893e+02 nan
7.054802310718645231e+02 nan
7.564633275546290179e+02 nan
8.111308307896872520e+02 nan
8.697490026177833897e+02 nan
9.326033468832199560e+02 nan
1.000000000000000000e+03 nan
