1.000000000000000000e+00 7.336771173858429133e-03
1.072267222010323318e+00 7.338069155130974054e-03
1.149756995397735793e+00 7.341633504782004577e-03
1.232846739442066131e+00 7.344928736362624222e-03
1.321941148466029059e+00 7.347222440807957451e-03
1.417474162926805281e+00 7.346592366519194214e-03
1.519911082952933645e+00 7.353179597274437859e-03
1.629750834620644184e+00 7.356890495876172199e-03
1.747528400007683835e+00 7.358917342419298187e-03
1.873817422860383886e+00 7.475026084194266209e-03
2.009233002565047332e+00 7.480511735787516436e-03
2.154434690031883814e+00 7.484915508460404827e-03
2.310129700083159765e+00 7.489533080639554537e-03
2.477076355991710610e+00 7.497066684179615019e-03
2.656087782946686460e+00 7.507461136021543850e-03
2.848035868435801810e+00 7.517607901722862113e-03
3.053855508833415389e+00 7.526214384087103089e-03
3.274549162877728570e+00 7.537722037936529958e-03
3.511191734215131088e+00 7.545418080201040170e-03
3.764935806792468309e+00 7.563792784252992146e-03
4.037017258596554470e+00 7.579690524638614708e-03
4.328761281083058243e+00 7.596566547423575129e-03
4.641588833612779297e+00 7.727923800413690446e-03
4.977023564332111683e+00 7.751137951271085298e-03
5.336699231206309513e+00 7.770166134799807826e-03
5.722367659350217295e+00 7.797478301147226995e-03
6.135907273413172547e+00 7.821266867291629468e-03
6.579332246575680720e+00 7.975358919079841846e-03
7.054802310718643277e+00 8.004844422617935981e-03
7.564633275546288615e+00 8.038246619293299561e-03
8.111308307896871739e+00 8.193816707920485720e-03
8.697490026177835176e+00 8.228708369251902868e-03
9.326033468832198636e+00 8.391627806139095175e-03
1.000000000000000000e+01 8.433736132093994434e-03
1.072267222010323096e+01 8.612392338332976183e-03
1.149756995397735615e+01 8.786150245392759447e-03
1.232846739442065953e+01 8.966249502514501285e-03
1.321941148466029325e+01 9.017386740084636435e-03
1.417474162926805548e+01 9.211176393127702006e-03
1.519911082952933867e+01 9.406705881209075776e-03
1.629750834620644184e+01 9.618101573072388583e-03
1.747528400007684013e+01 9.829369324372736264e-03
1.873817422860383886e+01 1.023379982525368312e-02
2.009233002565046888e+01 1.046691748835354603e-02
2.154434690031884614e+01 1.071403730928932249e-02
2.310129700083160387e+01 1.098303774340620917e-02
2.477076355991711409e+01 1.145482841730882662e-02
2.656087782946686815e+01 1.174563410158464133e-02
2.848035868435801987e+01 1.230486213758242610e-02
3.053855508833415655e+01 1.263695669790559049e-02
3.274549162877728037e+01 1.298621933314322158e-02
3.511191734215130822e+01 1.367474656701167350e-02
3.764935806792467332e+01 1.411128004703218579e-02
4.037017258596555536e+01 1.497226648066782989e-02
4.328761281083059487e+01 1.548939417533928310e-02
4.641588833612780007e+01 1.603559201396970862e-02
4.977023564332111505e+01 1.660230365621619825e-02
5.336699231206309690e+01 1.770452655588623803e-02
5.722367659350216940e+01 1.835181098054185223e-02
6.135907273413172902e+01 1.902632541970349783e-02
6.579332246575683030e+01 1.973191535186638590e-02
7.054802310718645231e+01 2.047022804211784744e-02
7.564633275546290747e+01 2.191751846180963956e-02
8.111308307896872805e+01 2.277879415985395797e-02
8.697490026177834466e+01 2.369975758281258477e-02
9.326033468832198992e+01 2.466721563482052182e-02
1.000000000000000000e+02 2.570767852324369260e-02
1.072267222010323167e+02 2.677624772154811247e-02
1.149756995397735579e+02 2.789688900839978544e-02
1.232846739442065882e+02 3.003794170644268069e-02
1.321941148466028721e+02 3.128330682234690963e-02
1.417474162926804695e+02 3.257014710684976583e-02
1.519911082952933157e+02 3.502038248059403253e-02
1.629750834620645037e+02 3.642746544387021751e-02
1.747528400007684866e+02 3.786321259057540828e-02
1.873817422860385022e+02 4.061705732933700019e-02
2.009233002565048025e+02 4.222765196333851112e-02
2.154434690031884543e+02 4.527583388265921799e-02
2.310129700083160458e+02 4.704149815792029593e-02
2.477076355991711409e+02 5.039242992984491187e-02
2.656087782946686957e+02 5.397317481823851737e-02
2.848035868435802058e+02 5.605430734489569994e-02
3.053855508833415797e+02 5.998378499769134453e-02
3.274549162877728463e+02 6.412909603876601472e-02
3.511191734215130964e+02 6.655712365810266540e-02
3.764935806792467474e+02 7.109275441107888727e-02
4.037017258596553688e+02 7.587219543758533247e-02
4.328761281083056929e+02 8.094196291584052072e-02
4.641588833612781855e+02 8.628605177355914979e-02
4.977023564332113779e+02 9.203843015126973726e-02
5.336699231206312106e+02 9.816761014993702350e-02
5.722367659350220492e+02 1.047611928792844538e-01
6.135907273413175744e+02 1.120794070965979300e-01
6.579332246575681893e+02 1.197466047855532262e-01
7.054802310718645231e+02 1.338616114085336983e-01
7.564633275546290179e+02 nan
8.111308307896872520e+02 nan
8.697490026177833897e+02 nan
9.326033468832199560e+02 nan
1.000000000000000000e+03 nan
