1.000000000000000000e+00 1.094255107268379129e-02
1.072267222010323318e+00 1.094198260831630992e-02
1.149756995397735793e+00 1.095020621135317333e-02
1.232846739442066131e+00 1.094645724610257206e-02
1.321941148466029059e+00 1.095280833720803891e-02
1.417474162926805281e+00 1.095778671459457683e-02
1.519911082952933645e+00 1.096265064083528154e-02
1.629750834620644184e+00 1.096555732303652539e-02
1.747528400007683835e+00 1.097231985508298306e-02
1.873817422860383886e+00 1.097328099632452307e-02
2.009233002565047332e+00 1.098305583109028365e-02
2.154434690031883814e+00 1.100024961709293592e-02
2.310129700083159765e+00 1.100616720768031812e-02
2.477076355991710610e+00 1.101558292521406107e-02
2.656087782946686460e+00 1.103099048459040693e-02
2.848035868435801810e+00 1.104323113207134575e-02
3.053855508833415389e+00 1.117340414839679968e-02
3.274549162877728570e+00 1.119051251395709878e-02
3.511191734215131088e+00 1.120821550266730242e-02
3.764935806792468309e+00 1.122570925431276220e-02
4.037017258596554470e+00 1.124775859988245974e-02
4.328761281083058243e+00 1.127013553365914869e-02
4.641588833612779297e+00 1.141368161631147599e-02
4.977023564332111683e+00 1.144459753481203747e-02
5.336699231206309513e+00 1.147314942747981910e-02
5.722367659350217295e+00 1.164010334941586490e-02
6.135907273413172547e+00 1.167246327043218804e-02
6.579332246575680720e+00 1.183253490995318097e-02
7.054802310718643277e+00 1.187833605850142915e-02
7.564633275546288615e+00 1.205116489152353171e-02
8.111308307896871739e+00 1.223583655104120219e-02
8.697490026177835176e+00 1.240572537592347924e-02
9.326033468832198636e+00 1.260008786616262887e-02
1.000000000000000000e+01 1.278367582573531128e-02
1.072267222010323096e+01 1.299044887387318901e-02
1.149756995397735615e+01 1.319444490622259832e-02
1.232846739442065953e+01 1.339223031235247524e-02
1.321941148466029325e+01 1.376666156714726266e-02
1.417474162926805548e+01 1.397773585086226934e-02
1.519911082952933867e+01 1.436696134319520590e-02
1.629750834620644184e+01 1.460158239063951043e-02
1.747528400007684013e+01 1.500839471185760020e-02
1.873817422860383886e+01 1.544744814409361455e-02
2.009233002565046888e+01 1.588160435149786609e-02
2.154434690031884614e+01 1.633318244918285228e-02
2.310129700083160387e+01 1.680494230132182146e-02
2.477076355991711409e+01 1.728411546410080213e-02
2.656087782946686815e+01 1.799792422113305132e-02
2.848035868435801987e+01 1.849337718018919871e-02
3.053855508833415655e+01 1.901231715057741245e-02
3.274549162877728037e+01 1.979130170007955408e-02
3.511191734215130822e+01 2.036090191264783647e-02
3.764935806792467332e+01 2.123383734071614126e-02
4.037017258596555536e+01 2.218204390423108782e-02
4.328761281083059487e+01 2.288862188194315528e-02
4.641588833612780007e+01 2.401191316417500624e-02
4.977023564332111505e+01 2.491334982116788499e-02
5.336699231206309690e+01 2.593736455047987444e-02
5.722367659350216940e+01 2.703724456616964089e-02
6.135907273413172902e+01 2.834680336073592405e-02
6.579332246575683030e+01 2.983396476136896194e-02
7.054802310718645231e+01 3.077179328078486625e-02
7.564633275546290747e+01 3.266823632740483568e-02
8.111308307896872805e+01 3.381987144798023065e-02
8.697490026177834466e+01 3.616220872996027402e-02
9.326033468832198992e+01 3.754534038622849706e-02
1.000000000000000000e+02 4.025151742173624370e-02
1.072267222010323167e+02 4.180430025411119299e-02
1.149756995397735579e+02 4.486257242702153952e-02
1.232846739442065882e+02 4.659768675060546594e-02
1.321941148466028721e+02 5.012100887199665011e-02
1.417474162926804695e+02 5.215067919780976002e-02
1.519911082952933157e+02 5.624400607727708667e-02
1.629750834620645037e+02 5.861562861678801251e-02
1.747528400007684866e+02 6.336987532807869528e-02
1.873817422860385022e+02 6.607468640114942671e-02
2.009233002565048025e+02 7.147485570170938884e-02
2.154434690031884543e+02 7.454634759300519942e-02
2.310129700083160458e+02 8.063551072919195040e-02
2.477076355991711409e+02 8.411388874031901219e-02
2.656087782946686957e+02 9.084168937308922942e-02
2.848035868435802058e+02 9.470107243435134381e-02
3.053855508833415797e+02 1.021631975196866243e-01
3.274549162877728463e+02 1.100338945025848697e-01
3.511191734215130964e+02 1.182657804516875633e-01
3.764935806792467474e+02 1.268508483228775185e-01
4.037017258596553688e+02 1.355168183300154705e-01
4.328761281083056929e+02 1.436384258430628003e-01
4.641588833612781855e+02 nan
4.977023564332113779e+02 nan
5.336699231206312106e+02 nan
5.722367659350220492e+02 nan
6.135907273413175744e+02 nan
6.579332246575681893e+02 nan
7.054802310718645231e+02 nan
7.564633275546290179e+02 nan
8.111308307896872520e+02 nan
8.697490026177833897e+02 nan
9.326033468832199560e+02 nan
1.000000000000000000e+03 nan
