1.000000000000000000e+00 1.166593139200939114e-02
1.072267222010323318e+00 1.166511305409808838e-02
1.149756995397735793e+00 1.167079410581084789e-02
1.232846739442066131e+00 1.167045308064326194e-02
1.321941148466029059e+00 1.168088195091930570e-02
1.417474162926805281e+00 1.168330754618033575e-02
1.519911082952933645e+00 1.168023108295317483e-02
1.629750834620644184e+00 1.169202429920915103e-02
1.747528400007683835e+00 1.169891619394334246e-02
1.873817422860383886e+00 1.188872240488505691e-02
2.009233002565047332e+00 1.189201088659516160e-02
2.154434690031883814e+00 1.189765356406018854e-02
2.310129700083159765e+00 1.191004940776379389e-02
2.477076355991710610e+00 1.192080085051950428e-02
2.656087782946686460e+00 1.193463394711010914e-02
2.848035868435801810e+00 1.194594008984040112e-02
3.053855508833415389e+00 1.195540548331648287e-02
3.274549162877728570e+00 1.196802054692321093e-02
3.511191734215131088e+00 1.198773856612555568e-02
3.764935806792468309e+00 1.200841521592378204e-02
4.037017258596554470e+00 1.202717195985556972e-02
4.328761281083058243e+00 1.204944214063586629e-02
4.641588833612779297e+00 1.226664107356414263e-02
4.977023564332111683e+00 1.230043881433843210e-02
5.336699231206309513e+00 1.232363984349566476e-02
5.722367659350217295e+00 1.235942613530659206e-02
6.135907273413172547e+00 1.238868329210416307e-02
6.579332246575680720e+00 1.263205953037403219e-02
7.054802310718643277e+00 1.267410529418718651e-02
7.564633275546288615e+00 1.271800934425491858e-02
8.111308307896871739e+00 1.296118291136564606e-02
8.697490026177835176e+00 1.300637570046088085e-02
9.326033468832198636e+00 1.326927664620102844e-02
1.000000000000000000e+01 1.332418978162278750e-02
1.072267222010323096e+01 1.358949963207211308e-02
1.149756995397735615e+01 1.386628414150425925e-02
1.232846739442065953e+01 1.414738077694008972e-02
1.321941148466029325e+01 1.421427025525853934e-02
1.417474162926805548e+01 1.450748616253291767e-02
1.519911082952933867e+01 1.482091545927724692e-02
1.629750834620644184e+01 1.513763618055384910e-02
1.747528400007684013e+01 1.546197063397347464e-02
1.873817422860383886e+01 1.609484253059500006e-02
2.009233002565046888e+01 1.645281627615143710e-02
2.154434690031884614e+01 1.683554063960122568e-02
2.310129700083160387e+01 1.724475519991882852e-02
2.477076355991711409e+01 1.797376494061910662e-02
2.656087782946686815e+01 1.842025507428977915e-02
2.848035868435801987e+01 1.929277507864483182e-02
3.053855508833415655e+01 1.979884110968936281e-02
3.274549162877728037e+01 2.033265435143985500e-02
3.511191734215130822e+01 2.139458750793997444e-02
3.764935806792467332e+01 2.206744541943219187e-02
4.037017258596555536e+01 2.340928274349602170e-02
4.328761281083059487e+01 2.420321161485910685e-02
4.641588833612780007e+01 2.501937778455987776e-02
4.977023564332111505e+01 2.589396177097150545e-02
5.336699231206309690e+01 2.760702002450193815e-02
5.722367659350216940e+01 2.859476546121763121e-02
6.135907273413172902e+01 2.959862952378575912e-02
6.579332246575683030e+01 3.066868259618087122e-02
7.054802310718645231e+01 3.179246655285574569e-02
7.564633275546290747e+01 3.401149548397076200e-02
8.111308307896872805e+01 3.530899182225005067e-02
8.697490026177834466e+01 3.666248317250436067e-02
9.326033468832198992e+01 3.813965547762450392e-02
1.000000000000000000e+02 3.966857853531902817e-02
1.072267222010323167e+02 4.126718680266402983e-02
1.149756995397735579e+02 4.294298277577802969e-02
1.232846739442065882e+02 4.621717346508046054e-02
1.321941148466028721e+02 4.806546358442335964e-02
1.417474162926804695e+02 4.997730054075961992e-02
1.519911082952933157e+02 5.371176427910263201e-02
1.629750834620645037e+02 5.580798270999097477e-02
1.747528400007684866e+02 5.796906930063882440e-02
1.873817422860385022e+02 6.213171696338557620e-02
2.009233002565048025e+02 6.455472665408867883e-02
2.154434690031884543e+02 6.917438712019956248e-02
2.310129700083160458e+02 7.180656195021814514e-02
2.477076355991711409e+02 7.688962429426055012e-02
2.656087782946686957e+02 8.231951861129294112e-02
2.848035868435802058e+02 8.541600467283859410e-02
3.053855508833415797e+02 9.138502678214120711e-02
3.274549162877728463e+02 9.763314386239686782e-02
3.511191734215130964e+02 1.012735979776286793e-01
3.764935806792467474e+02 1.081448885977611685e-01
4.037017258596553688e+02 1.153768734883673930e-01
4.328761281083056929e+02 1.230067155411821711e-01
4.641588833612781855e+02 1.310801051099431125e-01
4.977023564332113779e+02 1.396417861038207475e-01
5.336699231206312106e+02 1.487869572582186384e-01
5.722367659350220492e+02 1.586698725771221452e-01
6.135907273413175744e+02 1.693694575065879115e-01
6.579332246575681893e+02 1.806299955854669959e-01
7.054802310718645231e+02 2.005892479462969280e-01
7.564633275546290179e+02 nan
8.111308307896872520e+02 nan
8.697490026177833897e+02 nan
9.326033468832199560e+02 nan
1.000000000000000000e+03 nan
