1.000000000000000000e+00 1.669929377804953781e-04
1.072267222010323318e+00 1.676192568738299417e-04
1.149756995397735793e+00 1.683067531814732827e-04
1.232846739442066131e+00 1.690214168858640662e-04
1.321941148466029059e+00 1.697931982576014222e-04
1.417474162926805281e+00 1.706183867365512969e-04
1.519911082952933645e+00 1.715022821426176718e-04
1.629750834620644184e+00 1.724569087257204895e-04
1.747528400007683835e+00 1.734727271947755149e-04
1.873817422860383886e+00 1.745516260971419892e-04
2.009233002565047332e+00 1.757146706899847697e-04
2.154434690031883814e+00 1.769589840040700752e-04
2.310129700083159765e+00 1.782870140753232188e-04
2.477076355991710610e+00 1.797142123009287705e-04
2.656087782946686460e+00 1.812169245231123849e-04
2.848035868435801810e+00 1.828539676680723727e-04
3.053855508833415389e+00 1.943362584108215808e-04
3.274549162877728570e+00 1.962569281054110052e-04
3.511191734215131088e+00 1.983433598054912500e-04
3.764935806792468309e+00 2.005521274366163812e-04
4.037017258596554470e+00 2.028941788202849269e-04
4.328761281083058243e+00 2.054086309887538371e-04
4.641588833612779297e+00 2.191041717823882763e-04
4.977023564332111683e+00 2.220902986572029008e-04
5.336699231206309513e+00 2.252564660753858452e-04
5.722367659350217295e+00 2.409694590134787322e-04
6.135907273413172547e+00 2.447614980007461875e-04
6.579332246575680720e+00 2.619365841759042045e-04
7.054802310718643277e+00 2.664089997453768580e-04
7.564633275546288615e+00 2.858567641610557444e-04
8.111308307896871739e+00 3.069021163574003962e-04
8.697490026177835176e+00 3.293728256063462858e-04
9.326033468832198636e+00 3.542157583548410102e-04
1.000000000000000000e+01 3.809353849111338339e-04
1.072267222010323096e+01 4.100741150232867574e-04
1.149756995397735615e+01 4.420458613365592197e-04
1.232846739442065953e+01 4.764065794713624605e-04
1.321941148466029325e+01 5.429707539731339679e-04
1.417474162926805548e+01 5.858288785814809397e-04
1.519911082952933867e+01 6.681476902384294670e-04
1.629750834620644184e+01 7.219901817083560890e-04
1.747528400007684013e+01 8.247538381545419829e-04
1.873817422860383886e+01 9.438509280424517900e-04
2.009233002565046888e+01 1.078883940448122688e-03
2.154434690031884614e+01 1.232985143938136827e-03
2.310129700083160387e+01 1.410114475312064953e-03
2.477076355991711409e+01 1.612204582772107592e-03
2.656087782946686815e+01 1.945010149392766225e-03
2.848035868435801987e+01 2.217555392870223727e-03
3.053855508833415655e+01 2.529431270161006367e-03
3.274549162877728037e+01 3.038438879240839066e-03
3.511191734215130822e+01 3.465211702338812268e-03
3.764935806792467332e+01 4.160728606942503023e-03
4.037017258596555536e+01 4.997728379088510475e-03
4.328761281083059487e+01 5.706004143654676460e-03
4.641588833612780007e+01 6.888458107847176583e-03
4.977023564332111505e+01 7.907587220129800448e-03
5.336699231206309690e+01 9.120128151613371079e-03
5.722367659350216940e+01 1.054258417208120240e-02
6.135907273413172902e+01 1.225348826533106256e-02
6.579332246575683030e+01 1.433331201942909458e-02
7.054802310718645231e+01 1.576805410484799497e-02
7.564633275546290747e+01 1.861799052305697019e-02
8.111308307896872805e+01 2.056826678185734100e-02
8.697490026177834466e+01 2.440507397015726290e-02
9.326033468832198992e+01 2.697576829054120634e-02
1.000000000000000000e+02 3.193600598126674489e-02
1.072267222010323167e+02 3.516202277681898525e-02
1.149756995397735579e+02 4.125711116091862474e-02
1.232846739442065882e+02 4.534719829473496389e-02
1.321941148466028721e+02 5.297030537872345762e-02
1.417474162926804695e+02 5.815443606622515416e-02
1.519911082952933157e+02 6.759879332894841442e-02
1.629750834620645037e+02 7.414843005773115447e-02
1.747528400007684866e+02 8.560125754475422788e-02
1.873817422860385022e+02 9.384019640945473473e-02
2.009233002565048025e+02 1.075699215485655669e-01
2.154434690031884543e+02 1.175758813246588069e-01
2.310129700083160458e+02 1.330334327912555403e-01
2.477076355991711409e+02 1.441407585061486862e-01
2.656087782946686957e+02 1.608852138211756266e-01
2.848035868435802058e+02 1.730337294414846239e-01
3.053855508833415797e+02 1.910952246105024899e-01
3.274549162877728463e+02 2.098232566048648939e-01
3.511191734215130964e+02 2.292332476463615765e-01
3.764935806792467474e+02 2.493515027939218476e-01
4.037017258596553688e+02 2.694458829664679866e-01
4.328761281083056929e+02 2.877094897084997993e-01
4.641588833612781855e+02 nan
4.977023564332113779e+02 nan
5.336699231206312106e+02 nan
5.722367659350220492e+02 nan
6.135907273413175744e+02 nan
6.579332246575681893e+02 nan
7.054802310718645231e+02 nan
7.564633275546290179e+02 nan
8.111308307896872520e+02 nan
8.697490026177833897e+02 nan
9.326033468832199560e+02 nan
1.000000000000000000e+03 nan
