# Trapping bound for operator=S, sim_name=SFHo-20.0, lepton=mu
# using approach=inverse, mfp_prescription=thermal
# Duration:	2024-07-21 12:44:00 -> 2024-07-21 12:52:40 (8.67min)
# Parameters:	sim_range=100, X_MAX=100.0, NSTEPS=50, vegas_kwargs={'nitn': 10, 'neval': 1000, 'alpha': 0.5}
# m_chi [MeV] / Lambda [TeV]
1.00e+00 1.67e-04
1.07e+00 1.67e-04
1.15e+00 1.67e-04
1.23e+00 1.67e-04
1.32e+00 1.67e-04
1.42e+00 1.67e-04
1.52e+00 1.68e-04
1.63e+00 1.68e-04
1.75e+00 1.68e-04
1.87e+00 1.79e-04
2.01e+00 1.79e-04
2.15e+00 1.79e-04
2.31e+00 1.80e-04
2.48e+00 1.80e-04
2.66e+00 1.80e-04
2.85e+00 1.81e-04
3.05e+00 1.81e-04
3.27e+00 1.81e-04
3.51e+00 1.82e-04
3.76e+00 1.82e-04
4.04e+00 1.83e-04
4.33e+00 1.84e-04
4.64e+00 1.97e-04
4.98e+00 1.98e-04
5.34e+00 1.99e-04
5.72e+00 2.00e-04
6.14e+00 2.02e-04
6.58e+00 2.17e-04
7.05e+00 2.18e-04
7.56e+00 2.20e-04
8.11e+00 2.37e-04
8.70e+00 2.40e-04
9.33e+00 2.58e-04
1.00e+01 2.61e-04
1.07e+01 2.82e-04
1.15e+01 3.05e-04
1.23e+01 3.29e-04
1.32e+01 3.34e-04
1.42e+01 3.61e-04
1.52e+01 3.92e-04
1.63e+01 4.25e-04
1.75e+01 4.62e-04
1.87e+01 5.39e-04
2.01e+01 5.87e-04
2.15e+01 6.39e-04
2.31e+01 6.97e-04
2.48e+01 8.19e-04
2.66e+01 8.95e-04
2.85e+01 1.06e-03
3.05e+01 1.16e-03
3.27e+01 1.27e-03
3.51e+01 1.52e-03
3.76e+01 1.68e-03
4.04e+01 2.04e-03
4.33e+01 2.27e-03
4.64e+01 2.52e-03
4.98e+01 2.79e-03
5.34e+01 3.42e-03
5.72e+01 3.80e-03
6.14e+01 4.22e-03
6.58e+01 4.69e-03
7.05e+01 5.21e-03
7.56e+01 6.37e-03
8.11e+01 7.06e-03
8.70e+01 7.80e-03
9.33e+01 8.62e-03
1.00e+02 9.49e-03
1.07e+02 1.04e-02
1.15e+02 1.14e-02
1.23e+02 1.36e-02
1.32e+02 1.48e-02
1.42e+02 1.61e-02
1.52e+02 1.88e-02
1.63e+02 2.04e-02
1.75e+02 2.22e-02
1.87e+02 2.57e-02
2.01e+02 2.81e-02
2.15e+02 3.23e-02
2.31e+02 3.49e-02
2.48e+02 3.93e-02
2.66e+02 4.37e-02
2.85e+02 4.64e-02
3.05e+02 5.10e-02
3.27e+02 5.57e-02
3.51e+02 5.86e-02
3.76e+02 6.35e-02
4.04e+02 6.87e-02
4.33e+02 7.42e-02
4.64e+02 7.98e-02
4.98e+02 8.58e-02
5.34e+02 9.22e-02
5.72e+02 9.90e-02
6.14e+02 1.06e-01
6.58e+02 1.14e-01
7.05e+02 1.29e-01
7.56e+02 nan
8.11e+02 nan
8.70e+02 nan
9.33e+02 nan
1.00e+03 nan
