1.000000000000000000e+00 3.083915804550093573e-05
1.072267222010323318e+00 3.150726048945901817e-05
1.149756995397735793e+00 3.219718678371212415e-05
1.232846739442066131e+00 3.291067457549008696e-05
1.321941148466029059e+00 3.365078061519579956e-05
1.417474162926805281e+00 3.442140148083966367e-05
1.519911082952933645e+00 3.521723941508953144e-05
1.629750834620644184e+00 3.604512478007888625e-05
1.747528400007683835e+00 3.690400820804177432e-05
1.873817422860383886e+00 3.779803933852995783e-05
2.009233002565047332e+00 3.873296714798497007e-05
2.154434690031883814e+00 3.970359270594399934e-05
2.310129700083159765e+00 4.071775736037019526e-05
2.477076355991710610e+00 4.178093079920384322e-05
2.656087782946686460e+00 4.288334025115458551e-05
2.848035868435801810e+00 4.404682568457851443e-05
3.053855508833415389e+00 4.777072676026320147e-05
3.274549162877728570e+00 4.911491435724635524e-05
3.511191734215131088e+00 5.052643242645404366e-05
3.764935806792468309e+00 5.200914864708739918e-05
4.037017258596554470e+00 5.356952261798451437e-05
4.328761281083058243e+00 5.521289242250432277e-05
4.641588833612779297e+00 6.009377143530456121e-05
4.977023564332111683e+00 6.202175103043389614e-05
5.336699231206309513e+00 6.405642370538379188e-05
5.722367659350217295e+00 6.992271959409852714e-05
6.135907273413172547e+00 7.230592102348494304e-05
6.579332246575680720e+00 7.897730566201321013e-05
7.054802310718643277e+00 8.178471938869169837e-05
7.564633275546288615e+00 8.956347980892602576e-05
8.111308307896871739e+00 9.812935479089976573e-05
8.697490026177835176e+00 1.074790271546850138e-04
9.326033468832198636e+00 1.179593792059953534e-04
1.000000000000000000e+01 1.294602520075016422e-04
1.072267222010323096e+01 1.422056651464824462e-04
1.149756995397735615e+01 1.564318418378845383e-04
1.232846739442065953e+01 1.720183357403950856e-04
1.321941148466029325e+01 2.005182489952271672e-04
1.417474162926805548e+01 2.207087677701493385e-04
1.519911082952933867e+01 2.574076687553855116e-04
1.629750834620644184e+01 2.837432082029883078e-04
1.747528400007684013e+01 3.313634807924046330e-04
1.873817422860383886e+01 3.875999737425057630e-04
2.009233002565046888e+01 4.528395757769800413e-04
2.154434690031884614e+01 5.287855369519959279e-04
2.310129700083160387e+01 6.178652077854654770e-04
2.477076355991711409e+01 7.216036084357089564e-04
2.656087782946686815e+01 8.910026547256510868e-04
2.848035868435801987e+01 1.037358052308074699e-03
3.053855508833415655e+01 1.207960777191816005e-03
3.274549162877728037e+01 1.483809936766543455e-03
3.511191734215130822e+01 1.726944674681604426e-03
3.764935806792467332e+01 2.119472752444954283e-03
4.037017258596555536e+01 2.602285816036256551e-03
4.328761281083059487e+01 3.029797317526647209e-03
4.641588833612780007e+01 3.738130053254051875e-03
4.977023564332111505e+01 4.375791318027662767e-03
5.336699231206309690e+01 5.146490960801466258e-03
5.722367659350216940e+01 6.067336786946361804e-03
6.135907273413172902e+01 7.193615863954697272e-03
6.579332246575683030e+01 8.585654291091400839e-03
7.054802310718645231e+01 9.613316654345255285e-03
7.564633275546290747e+01 1.159336306162658640e-02
8.111308307896872805e+01 1.304280876994591727e-02
8.697490026177834466e+01 1.583385823045874857e-02
9.326033468832198992e+01 1.785479918816043274e-02
1.000000000000000000e+02 2.168510649471101087e-02
1.072267222010323167e+02 2.444415470299723253e-02
1.149756995397735579e+02 2.955578262832972425e-02
1.232846739442065882e+02 3.346739626116271293e-02
1.321941148466028721e+02 4.054070197169323819e-02
1.417474162926804695e+02 4.626867598905865658e-02
1.519911082952933157e+02 5.613345596729187731e-02
1.629750834620645037e+02 6.447186343736198422e-02
1.747528400007684866e+02 7.752127968333469288e-02
1.873817422860385022e+02 8.850144855521012432e-02
2.009233002565048025e+02 1.033671443351262542e-01
2.154434690031884543e+02 1.139975216165610566e-01
2.310129700083160458e+02 1.277125669506004313e-01
2.477076355991711409e+02 1.379679924168644989e-01
2.656087782946686957e+02 1.526823930116073813e-01
2.848035868435802058e+02 1.638723737002358849e-01
3.053855508833415797e+02 1.801132930683103650e-01
3.274549162877728463e+02 1.972500273825471551e-01
3.511191734215130964e+02 2.152971256557533741e-01
3.764935806792467474e+02 2.343762817756294414e-01
4.037017258596553688e+02 2.535937078120454879e-01
4.328761281083056929e+02 2.714063099824691183e-01
4.641588833612781855e+02 nan
4.977023564332113779e+02 nan
5.336699231206312106e+02 nan
5.722367659350220492e+02 nan
6.135907273413175744e+02 nan
6.579332246575681893e+02 nan
7.054802310718645231e+02 nan
7.564633275546290179e+02 nan
8.111308307896872520e+02 nan
8.697490026177833897e+02 nan
9.326033468832199560e+02 nan
1.000000000000000000e+03 nan
