# Trapping bound for operator=A, sim_name=SFHo-20.0, lepton=mu
# using approach=inverse, mfp_prescription=thermal
# Duration:	2024-07-21 12:43:58 -> 2024-07-21 12:52:28 (8.49min)
# Parameters:	sim_range=100, X_MAX=100.0, NSTEPS=50, vegas_kwargs={'nitn': 10, 'neval': 1000, 'alpha': 0.5}
# m_chi [MeV] / Lambda [TeV]
1.00e+00 2.26e-04
1.07e+00 2.26e-04
1.15e+00 2.27e-04
1.23e+00 2.27e-04
1.32e+00 2.27e-04
1.42e+00 2.27e-04
1.52e+00 2.27e-04
1.63e+00 2.27e-04
1.75e+00 2.27e-04
1.87e+00 2.42e-04
2.01e+00 2.43e-04
2.15e+00 2.43e-04
2.31e+00 2.43e-04
2.48e+00 2.44e-04
2.66e+00 2.44e-04
2.85e+00 2.45e-04
3.05e+00 2.45e-04
3.27e+00 2.46e-04
3.51e+00 2.46e-04
3.76e+00 2.47e-04
4.04e+00 2.48e-04
4.33e+00 2.49e-04
4.64e+00 2.67e-04
4.98e+00 2.68e-04
5.34e+00 2.69e-04
5.72e+00 2.71e-04
6.14e+00 2.73e-04
6.58e+00 2.93e-04
7.05e+00 2.96e-04
7.56e+00 2.98e-04
8.11e+00 3.21e-04
8.70e+00 3.24e-04
9.33e+00 3.49e-04
1.00e+01 3.53e-04
1.07e+01 3.82e-04
1.15e+01 4.12e-04
1.23e+01 4.46e-04
1.32e+01 4.51e-04
1.42e+01 4.89e-04
1.52e+01 5.30e-04
1.63e+01 5.76e-04
1.75e+01 6.26e-04
1.87e+01 7.33e-04
2.01e+01 7.98e-04
2.15e+01 8.69e-04
2.31e+01 9.48e-04
2.48e+01 1.12e-03
2.66e+01 1.22e-03
2.85e+01 1.45e-03
3.05e+01 1.59e-03
3.27e+01 1.74e-03
3.51e+01 2.09e-03
3.76e+01 2.31e-03
4.04e+01 2.81e-03
4.33e+01 3.13e-03
4.64e+01 3.48e-03
4.98e+01 3.87e-03
5.34e+01 4.75e-03
5.72e+01 5.29e-03
6.14e+01 5.88e-03
6.58e+01 6.56e-03
7.05e+01 7.30e-03
7.56e+01 8.95e-03
8.11e+01 9.93e-03
8.70e+01 1.10e-02
9.33e+01 1.22e-02
1.00e+02 1.35e-02
1.07e+02 1.49e-02
1.15e+02 1.64e-02
1.23e+02 1.95e-02
1.32e+02 2.13e-02
1.42e+02 2.32e-02
1.52e+02 2.72e-02
1.63e+02 2.95e-02
1.75e+02 3.21e-02
1.87e+02 3.72e-02
2.01e+02 4.05e-02
2.15e+02 4.62e-02
2.31e+02 4.95e-02
2.48e+02 5.54e-02
2.66e+02 6.14e-02
2.85e+02 6.50e-02
3.05e+02 7.14e-02
3.27e+02 7.82e-02
3.51e+02 8.21e-02
3.76e+02 8.93e-02
4.04e+02 9.69e-02
4.33e+02 1.05e-01
4.64e+02 1.13e-01
4.98e+02 1.22e-01
5.34e+02 1.32e-01
5.72e+02 1.42e-01
6.14e+02 1.53e-01
6.58e+02 1.64e-01
7.05e+02 1.85e-01
7.56e+02 nan
8.11e+02 nan
8.70e+02 nan
9.33e+02 nan
1.00e+03 nan
