# Trapping bound for operator=A, sim_name=SFHo-18.80, lepton=mu
# using approach=exact, mfp_prescription=thermal
# Duration:	2024-07-21 11:51:50 -> 2024-07-21 16:53:27 (301.61min)
# Parameters:	sim_range=100, X_MAX=100.0, NSTEPS=50, vegas_kwargs={'nitn': 10, 'neval': 1000, 'alpha': 0.5}
# m_chi [MeV] / Lambda [TeV]
1.00e+00 2.33e-04
1.07e+00 2.34e-04
1.15e+00 2.35e-04
1.23e+00 2.36e-04
1.32e+00 2.38e-04
1.42e+00 2.39e-04
1.52e+00 2.40e-04
1.63e+00 2.41e-04
1.75e+00 2.43e-04
1.87e+00 2.44e-04
2.01e+00 2.46e-04
2.15e+00 2.48e-04
2.31e+00 2.50e-04
2.48e+00 2.52e-04
2.66e+00 2.54e-04
2.85e+00 2.57e-04
3.05e+00 2.73e-04
3.27e+00 2.75e-04
3.51e+00 2.78e-04
3.76e+00 2.82e-04
4.04e+00 2.85e-04
4.33e+00 2.89e-04
4.64e+00 3.08e-04
4.98e+00 3.12e-04
5.34e+00 3.17e-04
5.72e+00 3.39e-04
6.14e+00 3.45e-04
6.58e+00 3.69e-04
7.05e+00 3.75e-04
7.56e+00 4.03e-04
8.11e+00 4.32e-04
8.70e+00 4.64e-04
9.33e+00 4.99e-04
1.00e+01 5.37e-04
1.07e+01 5.78e-04
1.15e+01 6.24e-04
1.23e+01 6.73e-04
1.32e+01 7.67e-04
1.42e+01 8.28e-04
1.52e+01 9.44e-04
1.63e+01 1.02e-03
1.75e+01 1.17e-03
1.87e+01 1.34e-03
2.01e+01 1.53e-03
2.15e+01 1.75e-03
2.31e+01 2.00e-03
2.48e+01 2.30e-03
2.66e+01 2.78e-03
2.85e+01 3.17e-03
3.05e+01 3.63e-03
3.27e+01 4.37e-03
3.51e+01 4.99e-03
3.76e+01 6.01e-03
4.04e+01 7.23e-03
4.33e+01 8.28e-03
4.64e+01 1.00e-02
4.98e+01 1.15e-02
5.34e+01 1.33e-02
5.72e+01 1.54e-02
6.14e+01 1.79e-02
6.58e+01 2.09e-02
7.05e+01 2.30e-02
7.56e+01 2.72e-02
8.11e+01 3.00e-02
8.70e+01 3.57e-02
9.33e+01 3.95e-02
1.00e+02 4.68e-02
1.07e+02 5.17e-02
1.15e+02 6.08e-02
1.23e+02 6.70e-02
1.32e+02 7.86e-02
1.42e+02 8.65e-02
1.52e+02 1.01e-01
1.63e+02 1.11e-01
1.75e+02 1.29e-01
1.87e+02 1.42e-01
2.01e+02 1.64e-01
2.15e+02 1.81e-01
2.31e+02 2.05e-01
2.48e+02 2.22e-01
2.66e+02 2.49e-01
2.85e+02 2.69e-01
3.05e+02 2.99e-01
3.27e+02 3.31e-01
3.51e+02 3.64e-01
3.76e+02 4.00e-01
4.04e+02 4.36e-01
4.33e+02 4.72e-01
4.64e+02 nan
4.98e+02 nan
5.34e+02 nan
5.72e+02 nan
6.14e+02 nan
6.58e+02 nan
7.05e+02 nan
7.56e+02 nan
8.11e+02 nan
8.70e+02 nan
9.33e+02 nan
1.00e+03 nan
