1.000000000000000000e+00 1.314074463470872448e-04
1.072267222010323318e+00 1.314479288959727039e-04
1.149756995397735793e+00 1.315149238634883441e-04
1.232846739442066131e+00 1.315813330289052876e-04
1.321941148466029059e+00 1.316369974656114619e-04
1.417474162926805281e+00 1.317760561563273707e-04
1.519911082952933645e+00 1.318456136176610321e-04
1.629750834620644184e+00 1.319366322981579292e-04
1.747528400007683835e+00 1.320664277315497157e-04
1.873817422860383886e+00 1.322339472653404058e-04
2.009233002565047332e+00 1.323632691851258020e-04
2.154434690031883814e+00 1.325170852378119177e-04
2.310129700083159765e+00 1.327860226092926921e-04
2.477076355991710610e+00 1.329517888125044864e-04
2.656087782946686460e+00 1.332133895127402315e-04
2.848035868435801810e+00 1.334708275133986600e-04
3.053855508833415389e+00 1.410983628580422073e-04
3.274549162877728570e+00 1.414547933873990231e-04
3.511191734215131088e+00 1.419351885212349613e-04
3.764935806792468309e+00 1.424685503497347030e-04
4.037017258596554470e+00 1.430783518368245009e-04
4.328761281083058243e+00 1.437518373225836238e-04
4.641588833612779297e+00 1.522063239684756349e-04
4.977023564332111683e+00 1.530969934816426821e-04
5.336699231206309513e+00 1.540919964717381036e-04
5.722367659350217295e+00 1.636764983689452293e-04
6.135907273413172547e+00 1.648866520931323602e-04
6.579332246575680720e+00 1.751946265035927823e-04
7.054802310718643277e+00 1.766346933124668210e-04
7.564633275546288615e+00 1.882646700150443129e-04
8.111308307896871739e+00 2.006098164253748727e-04
8.697490026177835176e+00 2.137743209018054709e-04
9.326033468832198636e+00 2.280664795644253562e-04
1.000000000000000000e+01 2.436262268910293900e-04
1.072267222010323096e+01 2.601397262749816129e-04
1.149756995397735615e+01 2.782601937075523404e-04
1.232846739442065953e+01 2.974038049021800211e-04
1.321941148466029325e+01 3.367511627750461429e-04
1.417474162926805548e+01 3.601767986469154486e-04
1.519911082952933867e+01 4.078818888799373948e-04
1.629750834620644184e+01 4.365490129414479324e-04
1.747528400007684013e+01 4.951180192617553972e-04
1.873817422860383886e+01 5.623213589348917494e-04
2.009233002565046888e+01 6.373345059904226640e-04
2.154434690031884614e+01 7.226071804230264559e-04
2.310129700083160387e+01 8.191731541137597028e-04
2.477076355991711409e+01 9.287236210083245217e-04
2.656087782946686815e+01 1.113312842236408419e-03
2.848035868435801987e+01 1.257341613210009824e-03
3.053855508833415655e+01 1.420750506647751668e-03
3.274549162877728037e+01 1.693950280017158822e-03
3.511191734215130822e+01 1.912440532152666177e-03
3.764935806792467332e+01 2.280588411545085830e-03
4.037017258596555536e+01 2.719982334102487558e-03
4.328761281083059487e+01 3.072693311631056502e-03
4.641588833612780007e+01 3.685172009820169431e-03
4.977023564332111505e+01 4.188069031876876132e-03
5.336699231206309690e+01 4.782353684670882094e-03
5.722367659350216940e+01 5.478809895447515899e-03
6.135907273413172902e+01 6.309513338323899379e-03
6.579332246575683030e+01 7.325227480876357090e-03
7.054802310718645231e+01 7.942008920027126065e-03
7.564633275546290747e+01 9.323683350824802513e-03
8.111308307896872805e+01 1.016824588862329584e-02
8.697490026177834466e+01 1.202365655579143780e-02
9.326033468832198992e+01 1.311352779472256536e-02
1.000000000000000000e+02 1.546148334458081856e-02
1.072267222010323167e+02 1.679896584982379371e-02
1.149756995397735579e+02 1.961536219928497471e-02
1.232846739442065882e+02 2.125389476364773766e-02
1.321941148466028721e+02 2.471442305456947319e-02
1.417474162926804695e+02 2.670524979496955581e-02
1.519911082952933157e+02 3.090321564595427742e-02
1.629750834620645037e+02 3.334590038067381662e-02
1.747528400007684866e+02 3.829862571772557622e-02
1.873817422860385022e+02 4.130075228424068962e-02
2.009233002565048025e+02 4.708462737046654328e-02
2.154434690031884543e+02 5.046107110464415763e-02
2.310129700083160458e+02 5.673363242885577640e-02
2.477076355991711409e+02 6.027447111325089091e-02
2.656087782946686957e+02 6.701829988716211106e-02
2.848035868435802058e+02 7.083597536425517704e-02
3.053855508833415797e+02 7.795569047682684993e-02
3.274549162877728463e+02 8.546254315095148935e-02
3.511191734215130964e+02 9.304581134555640898e-02
3.764935806792467474e+02 1.008406908955538639e-01
4.037017258596553688e+02 1.083440494440162383e-01
4.328761281083056929e+02 1.148583154998598227e-01
4.641588833612781855e+02 nan
4.977023564332113779e+02 nan
5.336699231206312106e+02 nan
5.722367659350220492e+02 nan
6.135907273413175744e+02 nan
6.579332246575681893e+02 nan
7.054802310718645231e+02 nan
7.564633275546290179e+02 nan
8.111308307896872520e+02 nan
8.697490026177833897e+02 nan
9.326033468832199560e+02 nan
1.000000000000000000e+03 nan
