1.000000000000000000e+00 9.729082154272601808e-05
1.072267222010323318e+00 9.728445071993244489e-05
1.149756995397735793e+00 9.728115540027708439e-05
1.232846739442066131e+00 9.731498481363172297e-05
1.321941148466029059e+00 9.740275626240416790e-05
1.417474162926805281e+00 9.752691196611531002e-05
1.519911082952933645e+00 9.760341473740889251e-05
1.629750834620644184e+00 9.759421519649688083e-05
1.747528400007683835e+00 9.773429384157683998e-05
1.873817422860383886e+00 9.784122686014572754e-05
2.009233002565047332e+00 9.795696493299667340e-05
2.154434690031883814e+00 9.804079745910274351e-05
2.310129700083159765e+00 9.824210026268466889e-05
2.477076355991710610e+00 9.839154512573396833e-05
2.656087782946686460e+00 9.860554001570608388e-05
2.848035868435801810e+00 9.885198978393103719e-05
3.053855508833415389e+00 1.044699638091145820e-04
3.274549162877728570e+00 1.047597823589679656e-04
3.511191734215131088e+00 1.050565922314414236e-04
3.764935806792468309e+00 1.055389257991327142e-04
4.037017258596554470e+00 1.059473364087875122e-04
4.328761281083058243e+00 1.064294578150656363e-04
4.641588833612779297e+00 1.127416203062287019e-04
4.977023564332111683e+00 1.133861135966846863e-04
5.336699231206309513e+00 1.140767516160216697e-04
5.722367659350217295e+00 1.212698433363242572e-04
6.135907273413172547e+00 1.221438525341550735e-04
6.579332246575680720e+00 1.298377345462781022e-04
7.054802310718643277e+00 1.310184045165989537e-04
7.564633275546288615e+00 1.394018641381430566e-04
8.111308307896871739e+00 1.486298445030124723e-04
8.697490026177835176e+00 1.584113451362208029e-04
9.326033468832198636e+00 1.690464841861064179e-04
1.000000000000000000e+01 1.803716665460808333e-04
1.072267222010323096e+01 1.926181306705991017e-04
1.149756995397735615e+01 2.058895277729848002e-04
1.232846739442065953e+01 2.200901849850040283e-04
1.321941148466029325e+01 2.491636115189239855e-04
1.417474162926805548e+01 2.663579464968450364e-04
1.519911082952933867e+01 3.015010037948111167e-04
1.629750834620644184e+01 3.226610319241137630e-04
1.747528400007684013e+01 3.655637802149889798e-04
1.873817422860383886e+01 4.148165512766243193e-04
2.009233002565046888e+01 4.699931825506981206e-04
2.154434690031884614e+01 5.321431706963313142e-04
2.310129700083160387e+01 6.027672147026359164e-04
2.477076355991711409e+01 6.827591948973428526e-04
2.656087782946686815e+01 8.169860332100460556e-04
2.848035868435801987e+01 9.219171425746173305e-04
3.053855508833415655e+01 1.039861646782019866e-03
3.274549162877728037e+01 1.238036748248881559e-03
3.511191734215130822e+01 1.396193608206098115e-03
3.764935806792467332e+01 1.661031372155293874e-03
4.037017258596555536e+01 1.978361650849161119e-03
4.328761281083059487e+01 2.230148388276006772e-03
4.641588833612780007e+01 2.668646597134739437e-03
4.977023564332111505e+01 3.026171079091799759e-03
5.336699231206309690e+01 3.448993800951446684e-03
5.722367659350216940e+01 3.940364575726494276e-03
6.135907273413172902e+01 4.529523573378753908e-03
6.579332246575683030e+01 5.246214721702347969e-03
7.054802310718645231e+01 5.679471262565523315e-03
7.564633275546290747e+01 6.646311000081274629e-03
8.111308307896872805e+01 7.227271072846305766e-03
8.697490026177834466e+01 8.519803586764448933e-03
9.326033468832198992e+01 9.268519121031063013e-03
1.000000000000000000e+02 1.089482418167914829e-02
1.072267222010323167e+02 1.179107396348049418e-02
1.149756995397735579e+02 1.373333596960340901e-02
1.232846739442065882e+02 1.483361956800490107e-02
1.321941148466028721e+02 1.719431571756974836e-02
1.417474162926804695e+02 1.853053809653000539e-02
1.519911082952933157e+02 2.138757271283307781e-02
1.629750834620645037e+02 2.301585828760714311e-02
1.747528400007684866e+02 2.638771180174315917e-02
1.873817422860385022e+02 2.841842676268016218e-02
2.009233002565048025e+02 3.243142157066309511e-02
2.154434690031884543e+02 3.485484842701863650e-02
2.310129700083160458e+02 3.929974779416988556e-02
2.477076355991711409e+02 4.189752579140375299e-02
2.656087782946686957e+02 4.661338843250151243e-02
2.848035868435802058e+02 4.932768586742559275e-02
3.053855508833415797e+02 5.426786210966307034e-02
3.274549162877728463e+02 5.935126541621635332e-02
3.511191734215130964e+02 6.455104940077723008e-02
3.764935806792467474e+02 6.983959110520322755e-02
4.037017258596553688e+02 7.498378207555088382e-02
4.328761281083056929e+02 7.941245625740199487e-02
4.641588833612781855e+02 nan
4.977023564332113779e+02 nan
5.336699231206312106e+02 nan
5.722367659350220492e+02 nan
6.135907273413175744e+02 nan
6.579332246575681893e+02 nan
7.054802310718645231e+02 nan
7.564633275546290179e+02 nan
8.111308307896872520e+02 nan
8.697490026177833897e+02 nan
9.326033468832199560e+02 nan
1.000000000000000000e+03 nan
