# Trapping bound for operator=P, sim_name=SFHo-18.80, lepton=mu
# using approach=inverse, mfp_prescription=thermal
# Duration:	2024-07-21 12:43:56 -> 2024-07-21 12:52:09 (8.22min)
# Parameters:	sim_range=100, X_MAX=100.0, NSTEPS=50, vegas_kwargs={'nitn': 10, 'neval': 1000, 'alpha': 0.5}
# m_chi [MeV] / Lambda [TeV]
1.00e+00 3.71e-05
1.07e+00 3.71e-05
1.15e+00 3.71e-05
1.23e+00 3.71e-05
1.32e+00 3.71e-05
1.42e+00 3.72e-05
1.52e+00 3.72e-05
1.63e+00 3.72e-05
1.75e+00 3.72e-05
1.87e+00 3.73e-05
2.01e+00 3.73e-05
2.15e+00 3.73e-05
2.31e+00 3.74e-05
2.48e+00 3.74e-05
2.66e+00 3.75e-05
2.85e+00 3.75e-05
3.05e+00 3.97e-05
3.27e+00 3.98e-05
3.51e+00 3.99e-05
3.76e+00 4.00e-05
4.04e+00 4.01e-05
4.33e+00 4.02e-05
4.64e+00 4.27e-05
4.98e+00 4.29e-05
5.34e+00 4.31e-05
5.72e+00 4.58e-05
6.14e+00 4.61e-05
6.58e+00 4.91e-05
7.05e+00 4.94e-05
7.56e+00 5.28e-05
8.11e+00 5.64e-05
8.70e+00 6.02e-05
9.33e+00 6.45e-05
1.00e+01 6.90e-05
1.07e+01 7.41e-05
1.15e+01 7.96e-05
1.23e+01 8.55e-05
1.32e+01 9.77e-05
1.42e+01 1.05e-04
1.52e+01 1.20e-04
1.63e+01 1.30e-04
1.75e+01 1.49e-04
1.87e+01 1.72e-04
2.01e+01 1.97e-04
2.15e+01 2.27e-04
2.31e+01 2.61e-04
2.48e+01 3.00e-04
2.66e+01 3.67e-04
2.85e+01 4.21e-04
3.05e+01 4.84e-04
3.27e+01 5.88e-04
3.51e+01 6.76e-04
3.76e+01 8.21e-04
4.04e+01 1.00e-03
4.33e+01 1.15e-03
4.64e+01 1.40e-03
4.98e+01 1.62e-03
5.34e+01 1.89e-03
5.72e+01 2.20e-03
6.14e+01 2.57e-03
6.58e+01 3.04e-03
7.05e+01 3.34e-03
7.56e+01 3.99e-03
8.11e+01 4.43e-03
8.70e+01 5.33e-03
9.33e+01 5.91e-03
1.00e+02 7.11e-03
1.07e+02 7.87e-03
1.15e+02 9.43e-03
1.23e+02 1.05e-02
1.32e+02 1.26e-02
1.42e+02 1.42e-02
1.52e+02 1.72e-02
1.63e+02 1.95e-02
1.75e+02 2.37e-02
1.87e+02 2.71e-02
2.01e+02 3.21e-02
2.15e+02 3.53e-02
2.31e+02 3.96e-02
2.48e+02 4.23e-02
2.66e+02 4.67e-02
2.85e+02 4.94e-02
3.05e+02 5.43e-02
3.27e+02 5.93e-02
3.51e+02 6.47e-02
3.76e+02 7.03e-02
4.04e+02 7.60e-02
4.33e+02 8.13e-02
4.64e+02 nan
4.98e+02 nan
5.34e+02 nan
5.72e+02 nan
6.14e+02 nan
6.58e+02 nan
7.05e+02 nan
7.56e+02 nan
8.11e+02 nan
8.70e+02 nan
9.33e+02 nan
1.00e+03 nan
