# Trapping bound for operator=T, sim_name=SFHo-18.80, lepton=mu
# using approach=exact, mfp_prescription=thermal
# Duration:	2024-07-21 11:51:55 -> 2024-07-21 16:49:05 (297.17min)
# Parameters:	sim_range=100, X_MAX=100.0, NSTEPS=50, vegas_kwargs={'nitn': 10, 'neval': 1000, 'alpha': 0.5}
# m_chi [MeV] / Lambda [TeV]
1.00e+00 3.35e-04
1.07e+00 3.36e-04
1.15e+00 3.37e-04
1.23e+00 3.39e-04
1.32e+00 3.41e-04
1.42e+00 3.42e-04
1.52e+00 3.44e-04
1.63e+00 3.46e-04
1.75e+00 3.49e-04
1.87e+00 3.51e-04
2.01e+00 3.53e-04
2.15e+00 3.56e-04
2.31e+00 3.59e-04
2.48e+00 3.62e-04
2.66e+00 3.65e-04
2.85e+00 3.69e-04
3.05e+00 3.92e-04
3.27e+00 3.96e-04
3.51e+00 4.01e-04
3.76e+00 4.06e-04
4.04e+00 4.11e-04
4.33e+00 4.16e-04
4.64e+00 4.44e-04
4.98e+00 4.50e-04
5.34e+00 4.57e-04
5.72e+00 4.89e-04
6.14e+00 4.97e-04
6.58e+00 5.33e-04
7.05e+00 5.42e-04
7.56e+00 5.82e-04
8.11e+00 6.26e-04
8.70e+00 6.72e-04
9.33e+00 7.24e-04
1.00e+01 7.79e-04
1.07e+01 8.39e-04
1.15e+01 9.06e-04
1.23e+01 9.78e-04
1.32e+01 1.12e-03
1.42e+01 1.21e-03
1.52e+01 1.38e-03
1.63e+01 1.49e-03
1.75e+01 1.71e-03
1.87e+01 1.96e-03
2.01e+01 2.24e-03
2.15e+01 2.57e-03
2.31e+01 2.94e-03
2.48e+01 3.37e-03
2.66e+01 4.09e-03
2.85e+01 4.67e-03
3.05e+01 5.35e-03
3.27e+01 6.45e-03
3.51e+01 7.39e-03
3.76e+01 8.91e-03
4.04e+01 1.07e-02
4.33e+01 1.23e-02
4.64e+01 1.49e-02
4.98e+01 1.72e-02
5.34e+01 1.99e-02
5.72e+01 2.30e-02
6.14e+01 2.68e-02
6.58e+01 3.14e-02
7.05e+01 3.47e-02
7.56e+01 4.10e-02
8.11e+01 4.54e-02
8.70e+01 5.41e-02
9.33e+01 6.00e-02
1.00e+02 7.13e-02
1.07e+02 7.88e-02
1.15e+02 9.30e-02
1.23e+02 1.03e-01
1.32e+02 1.21e-01
1.42e+02 1.34e-01
1.52e+02 1.57e-01
1.63e+02 1.73e-01
1.75e+02 2.02e-01
1.87e+02 2.24e-01
2.01e+02 2.60e-01
2.15e+02 2.86e-01
2.31e+02 3.23e-01
2.48e+02 3.50e-01
2.66e+02 3.91e-01
2.85e+02 4.20e-01
3.05e+02 4.66e-01
3.27e+02 5.15e-01
3.51e+02 5.67e-01
3.76e+02 6.22e-01
4.04e+02 6.80e-01
4.33e+02 7.36e-01
4.64e+02 nan
4.98e+02 nan
5.34e+02 nan
5.72e+02 nan
6.14e+02 nan
6.58e+02 nan
7.05e+02 nan
7.56e+02 nan
8.11e+02 nan
8.70e+02 nan
9.33e+02 nan
1.00e+03 nan
