1.000000000000000000e+00 1.763742614575043851e-04
1.072267222010323318e+00 1.764705971726888989e-04
1.149756995397735793e+00 1.765319435362030880e-04
1.232846739442066131e+00 1.765638569046492582e-04
1.321941148466029059e+00 1.766475690254177590e-04
1.417474162926805281e+00 1.767232326889636598e-04
1.519911082952933645e+00 1.767236110246696312e-04
1.629750834620644184e+00 1.768810972070174626e-04
1.747528400007683835e+00 1.770099152273971774e-04
1.873817422860383886e+00 1.891357568215240408e-04
2.009233002565047332e+00 1.892601260198889014e-04
2.154434690031883814e+00 1.895498106274757458e-04
2.310129700083159765e+00 1.897079674773452312e-04
2.477076355991710610e+00 1.900226419523872215e-04
2.656087782946686460e+00 1.903108265697144876e-04
2.848035868435801810e+00 1.906235110872205128e-04
3.053855508833415389e+00 1.910661283457124927e-04
3.274549162877728570e+00 1.915084701530377412e-04
3.511191734215131088e+00 1.919131544230498314e-04
3.764935806792468309e+00 1.924742266596244061e-04
4.037017258596554470e+00 1.930603040779102020e-04
4.328761281083058243e+00 1.937216183079626614e-04
4.641588833612779297e+00 2.079366407412070903e-04
4.977023564332111683e+00 2.087728799094323438e-04
5.336699231206309513e+00 2.098346482702199457e-04
5.722367659350217295e+00 2.111075378242602621e-04
6.135907273413172547e+00 2.123904687524885032e-04
6.579332246575680720e+00 2.286694060860223956e-04
7.054802310718643277e+00 2.303841440110027301e-04
7.564633275546288615e+00 2.322050049385323070e-04
8.111308307896871739e+00 2.503248075810379693e-04
8.697490026177835176e+00 2.526757997414118230e-04
9.326033468832198636e+00 2.728417163643165116e-04
1.000000000000000000e+01 2.755695120611897052e-04
1.072267222010323096e+01 2.982556684496332476e-04
1.149756995397735615e+01 3.226511148213613198e-04
1.232846739442065953e+01 3.493703638963659456e-04
1.321941148466029325e+01 3.536089049511501959e-04
1.417474162926805548e+01 3.837633132135205138e-04
1.519911082952933867e+01 4.168932325638764085e-04
1.629750834620644184e+01 4.536530757940852431e-04
1.747528400007684013e+01 4.940410342230088349e-04
1.873817422860383886e+01 5.797923514881929159e-04
2.009233002565046888e+01 6.324717895527508802e-04
2.154434690031884614e+01 6.905291720648773762e-04
2.310129700083160387e+01 7.556301532487317120e-04
2.477076355991711409e+01 8.924591721533557676e-04
2.656087782946686815e+01 9.781886114061677257e-04
2.848035868435801987e+01 1.166191543912176165e-03
3.053855508833415655e+01 1.282444310436608483e-03
3.274549162877728037e+01 1.411150477443590427e-03
3.511191734215130822e+01 1.701081883316109180e-03
3.764935806792467332e+01 1.886239990111748723e-03
4.037017258596555536e+01 2.308134735797126233e-03
4.328761281083059487e+01 2.576855593256152394e-03
4.641588833612780007e+01 2.876626735967378369e-03
4.977023564332111505e+01 3.216898360028254324e-03
5.336699231206309690e+01 3.969225614456413538e-03
5.722367659350216940e+01 4.438991069109722055e-03
6.135907273413172902e+01 4.961228007076046165e-03
6.579332246575683030e+01 5.547375657596997044e-03
7.054802310718645231e+01 6.204347932860351279e-03
7.564633275546290747e+01 7.655441899467609577e-03
8.111308307896872805e+01 8.539800299611967349e-03
8.697490026177834466e+01 9.508131046471274272e-03
9.326033468832198992e+01 1.059109837651906090e-02
1.000000000000000000e+02 1.176605067547051992e-02
1.072267222010323167e+02 1.304567031090860148e-02
1.149756995397735579e+02 1.444740816109538542e-02
1.232846739442065882e+02 1.738048494433141675e-02
1.321941148466028721e+02 1.916441195991225310e-02
1.417474162926804695e+02 2.114350659756102091e-02
1.519911082952933157e+02 2.510676538011203524e-02
1.629750834620645037e+02 2.776280696498335462e-02
1.747528400007684866e+02 3.077757809040182826e-02
1.873817422860385022e+02 3.606778259089752497e-02
2.009233002565048025e+02 3.960259735588264607e-02
2.154434690031884543e+02 4.467427194767292081e-02
2.310129700083160458e+02 4.753718386984838451e-02
2.477076355991711409e+02 5.247926772317546007e-02
2.656087782946686957e+02 5.765588939845316119e-02
2.848035868435802058e+02 6.061328790910207320e-02
3.053855508833415797e+02 6.611715162425596537e-02
3.274549162877728463e+02 7.187414745323378318e-02
3.511191734215130964e+02 7.518504652520642539e-02
3.764935806792467474e+02 8.139967435184906897e-02
4.037017258596553688e+02 8.789436107107403973e-02
4.328761281083056929e+02 9.480934949281918933e-02
4.641588833612781855e+02 1.021373174663921662e-01
4.977023564332113779e+02 1.099095191466264859e-01
5.336699231206312106e+02 1.182245221032046378e-01
5.722367659350220492e+02 1.271197602286732453e-01
6.135907273413175744e+02 1.368662382563798074e-01
6.579332246575681893e+02 1.470393463447873805e-01
7.054802310718645231e+02 1.649707562147741391e-01
7.564633275546290179e+02 nan
8.111308307896872520e+02 nan
8.697490026177833897e+02 nan
9.326033468832199560e+02 nan
1.000000000000000000e+03 nan
