1.000000000000000000e+00 1.906956288512098776e-04
1.072267222010323318e+00 1.906821167233332980e-04
1.149756995397735793e+00 1.907745371470680629e-04
1.232846739442066131e+00 1.909622990975505519e-04
1.321941148466029059e+00 1.909698373859069879e-04
1.417474162926805281e+00 1.910953356215088958e-04
1.519911082952933645e+00 1.912283264358139194e-04
1.629750834620644184e+00 1.913027748322951597e-04
1.747528400007683835e+00 1.916032179748522674e-04
1.873817422860383886e+00 1.917795479870985367e-04
2.009233002565047332e+00 1.920000918249522692e-04
2.154434690031883814e+00 1.922916301165512550e-04
2.310129700083159765e+00 1.925002421210336072e-04
2.477076355991710610e+00 1.927935800448847049e-04
2.656087782946686460e+00 1.932267975452178657e-04
2.848035868435801810e+00 1.936310789850776370e-04
3.053855508833415389e+00 2.046639432677222338e-04
3.274549162877728570e+00 2.051354052389467355e-04
3.511191734215131088e+00 2.057745663206139784e-04
3.764935806792468309e+00 2.065570917474317627e-04
4.037017258596554470e+00 2.072512846481328215e-04
4.328761281083058243e+00 2.082641410178337460e-04
4.641588833612779297e+00 2.206218130730499421e-04
4.977023564332111683e+00 2.218371926535505669e-04
5.336699231206309513e+00 2.232036815905115131e-04
5.722367659350217295e+00 2.371106678375007530e-04
6.135907273413172547e+00 2.388660765905434638e-04
6.579332246575680720e+00 2.537875450560538948e-04
7.054802310718643277e+00 2.559967779640918355e-04
7.564633275546288615e+00 2.726461541800753144e-04
8.111308307896871739e+00 2.906481957333055532e-04
8.697490026177835176e+00 3.095135979014239846e-04
9.326033468832198636e+00 3.306200908088027541e-04
1.000000000000000000e+01 3.528915979823177220e-04
1.072267222010323096e+01 3.772337049545398230e-04
1.149756995397735615e+01 4.033681323975545942e-04
1.232846739442065953e+01 4.312515664569393603e-04
1.321941148466029325e+01 4.881419329812293159e-04
1.417474162926805548e+01 5.227422692173286367e-04
1.519911082952933867e+01 5.921664567044583041e-04
1.629750834620644184e+01 6.342706374641479119e-04
1.747528400007684013e+01 7.197289209943528217e-04
1.873817422860383886e+01 8.177177836078638497e-04
2.009233002565046888e+01 9.284863606013219828e-04
2.154434690031884614e+01 1.053162895695122520e-03
2.310129700083160387e+01 1.195054482132827884e-03
2.477076355991711409e+01 1.355892878411379694e-03
2.656087782946686815e+01 1.627253122229128674e-03
2.848035868435801987e+01 1.840500439258009211e-03
3.053855508833415655e+01 2.080670927579883304e-03
3.274549162877728037e+01 2.485244613391811904e-03
3.511191734215130822e+01 2.809718968143375475e-03
3.764935806792467332e+01 3.354529329746345004e-03
4.037017258596555536e+01 4.004700492716648658e-03
4.328761281083059487e+01 4.533276750400862254e-03
4.641588833612780007e+01 5.447245721230907327e-03
4.977023564332111505e+01 6.202413448424562610e-03
5.336699231206309690e+01 7.092820151375247954e-03
5.722367659350216940e+01 8.139849943829881654e-03
6.135907273413172902e+01 9.393359854492340164e-03
6.579332246575683030e+01 1.092888095346717867e-02
7.054802310718645231e+01 1.187534571810859411e-02
7.564633275546290747e+01 1.397659976389704385e-02
8.111308307896872805e+01 1.526625579056888928e-02
8.697490026177834466e+01 1.808837016160528763e-02
9.326033468832198992e+01 1.976411694690028906e-02
1.000000000000000000e+02 2.336948507520866802e-02
1.072267222010323167e+02 2.543133516731832869e-02
1.149756995397735579e+02 2.978919396653157553e-02
1.232846739442065882e+02 3.233538962573980630e-02
1.321941148466028721e+02 3.775182354769900106e-02
1.417474162926804695e+02 4.091448581369830362e-02
1.519911082952933157e+02 4.756364525404616073e-02
1.629750834620645037e+02 5.149683847980205537e-02
1.747528400007684866e+02 5.950815938593041754e-02
1.873817422860385022e+02 6.441945981697845547e-02
2.009233002565048025e+02 7.370806036669311223e-02
2.154434690031884543e+02 7.901113968189550640e-02
2.310129700083160458e+02 8.860198147762478327e-02
2.477076355991711409e+02 9.406089157862902728e-02
2.656087782946686957e+02 1.045009567532054345e-01
2.848035868435802058e+02 1.103600042832590528e-01
3.053855508833415797e+02 1.215787936069210456e-01
3.274549162877728463e+02 1.331632843136217326e-01
3.511191734215130964e+02 1.450954131108651568e-01
3.764935806792467474e+02 1.573253807353391653e-01
4.037017258596553688e+02 1.692720452260496056e-01
4.328761281083056929e+02 1.794039190691061603e-01
4.641588833612781855e+02 nan
4.977023564332113779e+02 nan
5.336699231206312106e+02 nan
5.722367659350220492e+02 nan
6.135907273413175744e+02 nan
6.579332246575681893e+02 nan
7.054802310718645231e+02 nan
7.564633275546290179e+02 nan
8.111308307896872520e+02 nan
8.697490026177833897e+02 nan
9.326033468832199560e+02 nan
1.000000000000000000e+03 nan
