# Trapping bound for operator=V, sim_name=SFHo-18.80, lepton=mu
# using approach=inverse, mfp_prescription=thermal
# Duration:	2024-07-21 12:43:50 -> 2024-07-21 12:52:15 (8.42min)
# Parameters:	sim_range=100, X_MAX=100.0, NSTEPS=50, vegas_kwargs={'nitn': 10, 'neval': 1000, 'alpha': 0.5}
# m_chi [MeV] / Lambda [TeV]
1.00e+00 1.10e-04
1.07e+00 1.10e-04
1.15e+00 1.10e-04
1.23e+00 1.10e-04
1.32e+00 1.10e-04
1.42e+00 1.10e-04
1.52e+00 1.10e-04
1.63e+00 1.11e-04
1.75e+00 1.11e-04
1.87e+00 1.11e-04
2.01e+00 1.11e-04
2.15e+00 1.11e-04
2.31e+00 1.11e-04
2.48e+00 1.11e-04
2.66e+00 1.12e-04
2.85e+00 1.12e-04
3.05e+00 1.18e-04
3.27e+00 1.18e-04
3.51e+00 1.19e-04
3.76e+00 1.19e-04
4.04e+00 1.20e-04
4.33e+00 1.20e-04
4.64e+00 1.27e-04
4.98e+00 1.28e-04
5.34e+00 1.29e-04
5.72e+00 1.37e-04
6.14e+00 1.38e-04
6.58e+00 1.46e-04
7.05e+00 1.47e-04
7.56e+00 1.57e-04
8.11e+00 1.67e-04
8.70e+00 1.78e-04
9.33e+00 1.90e-04
1.00e+01 2.03e-04
1.07e+01 2.17e-04
1.15e+01 2.32e-04
1.23e+01 2.48e-04
1.32e+01 2.81e-04
1.42e+01 3.00e-04
1.52e+01 3.40e-04
1.63e+01 3.64e-04
1.75e+01 4.13e-04
1.87e+01 4.70e-04
2.01e+01 5.34e-04
2.15e+01 6.06e-04
2.31e+01 6.88e-04
2.48e+01 7.81e-04
2.66e+01 9.39e-04
2.85e+01 1.06e-03
3.05e+01 1.20e-03
3.27e+01 1.44e-03
3.51e+01 1.63e-03
3.76e+01 1.95e-03
4.04e+01 2.34e-03
4.33e+01 2.65e-03
4.64e+01 3.19e-03
4.98e+01 3.63e-03
5.34e+01 4.16e-03
5.72e+01 4.77e-03
6.14e+01 5.51e-03
6.58e+01 6.40e-03
7.05e+01 6.97e-03
7.56e+01 8.20e-03
8.11e+01 8.97e-03
8.70e+01 1.06e-02
9.33e+01 1.16e-02
1.00e+02 1.38e-02
1.07e+02 1.50e-02
1.15e+02 1.77e-02
1.23e+02 1.93e-02
1.32e+02 2.26e-02
1.42e+02 2.47e-02
1.52e+02 2.90e-02
1.63e+02 3.18e-02
1.75e+02 3.72e-02
1.87e+02 4.11e-02
2.01e+02 4.77e-02
2.15e+02 5.17e-02
2.31e+02 5.81e-02
2.48e+02 6.17e-02
2.66e+02 6.85e-02
2.85e+02 7.24e-02
3.05e+02 7.98e-02
3.27e+02 8.76e-02
3.51e+02 9.58e-02
3.76e+02 1.04e-01
4.04e+02 1.13e-01
4.33e+02 1.21e-01
4.64e+02 nan
4.98e+02 nan
5.34e+02 nan
5.72e+02 nan
6.14e+02 nan
6.58e+02 nan
7.05e+02 nan
7.56e+02 nan
8.11e+02 nan
8.70e+02 nan
9.33e+02 nan
1.00e+03 nan
