# Trapping bound for operator=T, sim_name=SFHo-20.0, lepton=mu
# using approach=inverse, mfp_prescription=thermal
# Duration:	2024-07-21 12:51:59 -> 2024-07-21 13:01:37 (9.65min)
# Parameters:	sim_range=100, X_MAX=100.0, NSTEPS=50, vegas_kwargs={'nitn': 10, 'neval': 1000, 'alpha': 0.5}
# m_chi [MeV] / Lambda [TeV]
1.00e+00 3.29e-04
1.07e+00 3.29e-04
1.15e+00 3.29e-04
1.23e+00 3.29e-04
1.32e+00 3.29e-04
1.42e+00 3.30e-04
1.52e+00 3.30e-04
1.63e+00 3.30e-04
1.75e+00 3.30e-04
1.87e+00 3.52e-04
2.01e+00 3.53e-04
2.15e+00 3.53e-04
2.31e+00 3.54e-04
2.48e+00 3.54e-04
2.66e+00 3.55e-04
2.85e+00 3.55e-04
3.05e+00 3.56e-04
3.27e+00 3.57e-04
3.51e+00 3.58e-04
3.76e+00 3.59e-04
4.04e+00 3.60e-04
4.33e+00 3.61e-04
4.64e+00 3.87e-04
4.98e+00 3.89e-04
5.34e+00 3.91e-04
5.72e+00 3.93e-04
6.14e+00 3.96e-04
6.58e+00 4.26e-04
7.05e+00 4.29e-04
7.56e+00 4.33e-04
8.11e+00 4.66e-04
8.70e+00 4.70e-04
9.33e+00 5.07e-04
1.00e+01 5.13e-04
1.07e+01 5.54e-04
1.15e+01 5.99e-04
1.23e+01 6.47e-04
1.32e+01 6.56e-04
1.42e+01 7.11e-04
1.52e+01 7.71e-04
1.63e+01 8.38e-04
1.75e+01 9.11e-04
1.87e+01 1.07e-03
2.01e+01 1.16e-03
2.15e+01 1.27e-03
2.31e+01 1.38e-03
2.48e+01 1.63e-03
2.66e+01 1.78e-03
2.85e+01 2.12e-03
3.05e+01 2.33e-03
3.27e+01 2.56e-03
3.51e+01 3.07e-03
3.76e+01 3.40e-03
4.04e+01 4.14e-03
4.33e+01 4.62e-03
4.64e+01 5.14e-03
4.98e+01 5.73e-03
5.34e+01 7.05e-03
5.72e+01 7.86e-03
6.14e+01 8.76e-03
6.58e+01 9.78e-03
7.05e+01 1.09e-02
7.56e+01 1.34e-02
8.11e+01 1.49e-02
8.70e+01 1.66e-02
9.33e+01 1.84e-02
1.00e+02 2.04e-02
1.07e+02 2.25e-02
1.15e+02 2.48e-02
1.23e+02 2.97e-02
1.32e+02 3.26e-02
1.42e+02 3.57e-02
1.52e+02 4.20e-02
1.63e+02 4.59e-02
1.75e+02 5.03e-02
1.87e+02 5.87e-02
2.01e+02 6.44e-02
2.15e+02 7.32e-02
2.31e+02 7.81e-02
2.48e+02 8.68e-02
2.66e+02 9.59e-02
2.85e+02 1.01e-01
3.05e+02 1.11e-01
3.27e+02 1.21e-01
3.51e+02 1.27e-01
3.76e+02 1.39e-01
4.04e+02 1.50e-01
4.33e+02 1.63e-01
4.64e+02 1.76e-01
4.98e+02 1.90e-01
5.34e+02 2.05e-01
5.72e+02 2.21e-01
6.14e+02 2.39e-01
6.58e+02 2.57e-01
7.05e+02 2.91e-01
7.56e+02 nan
8.11e+02 nan
8.70e+02 nan
9.33e+02 nan
1.00e+03 nan
