# Trapping bound for operator=V, sim_name=SFHo-20.0, lepton=mu
# using approach=exact, mfp_prescription=thermal
# Duration:	2024-07-21 11:51:57 -> 2024-07-21 17:17:27 (325.49min)
# Parameters:	sim_range=100, X_MAX=100.0, NSTEPS=50, vegas_kwargs={'nitn': 10, 'neval': 1000, 'alpha': 0.5}
# m_chi [MeV] / Lambda [TeV]
1.00e+00 3.01e-04
1.07e+00 3.02e-04
1.15e+00 3.03e-04
1.23e+00 3.04e-04
1.32e+00 3.06e-04
1.42e+00 3.07e-04
1.52e+00 3.09e-04
1.63e+00 3.11e-04
1.75e+00 3.12e-04
1.87e+00 3.35e-04
2.01e+00 3.37e-04
2.15e+00 3.40e-04
2.31e+00 3.42e-04
2.48e+00 3.45e-04
2.66e+00 3.48e-04
2.85e+00 3.51e-04
3.05e+00 3.54e-04
3.27e+00 3.58e-04
3.51e+00 3.62e-04
3.76e+00 3.66e-04
4.04e+00 3.70e-04
4.33e+00 3.75e-04
4.64e+00 4.04e-04
4.98e+00 4.10e-04
5.34e+00 4.16e-04
5.72e+00 4.22e-04
6.14e+00 4.29e-04
6.58e+00 4.65e-04
7.05e+00 4.73e-04
7.56e+00 4.82e-04
8.11e+00 5.23e-04
8.70e+00 5.33e-04
9.33e+00 5.81e-04
1.00e+01 5.93e-04
1.07e+01 6.47e-04
1.15e+01 7.06e-04
1.23e+01 7.71e-04
1.32e+01 7.89e-04
1.42e+01 8.64e-04
1.52e+01 9.48e-04
1.63e+01 1.04e-03
1.75e+01 1.14e-03
1.87e+01 1.35e-03
2.01e+01 1.49e-03
2.15e+01 1.65e-03
2.31e+01 1.82e-03
2.48e+01 2.16e-03
2.66e+01 2.40e-03
2.85e+01 2.88e-03
3.05e+01 3.21e-03
3.27e+01 3.57e-03
3.51e+01 4.34e-03
3.76e+01 4.87e-03
4.04e+01 5.99e-03
4.33e+01 6.77e-03
4.64e+01 7.66e-03
4.98e+01 8.67e-03
5.34e+01 1.08e-02
5.72e+01 1.22e-02
6.14e+01 1.38e-02
6.58e+01 1.56e-02
7.05e+01 1.77e-02
7.56e+01 2.19e-02
8.11e+01 2.48e-02
8.70e+01 2.80e-02
9.33e+01 3.16e-02
1.00e+02 3.56e-02
1.07e+02 4.01e-02
1.15e+02 4.52e-02
1.23e+02 5.48e-02
1.32e+02 6.16e-02
1.42e+02 6.93e-02
1.52e+02 8.32e-02
1.63e+02 9.40e-02
1.75e+02 1.07e-01
1.87e+02 1.28e-01
2.01e+02 1.46e-01
2.15e+02 1.69e-01
2.31e+02 1.84e-01
2.48e+02 2.04e-01
2.66e+02 2.25e-01
2.85e+02 2.40e-01
3.05e+02 2.63e-01
3.27e+02 2.88e-01
3.51e+02 3.07e-01
3.76e+02 3.35e-01
4.04e+02 3.65e-01
4.33e+02 3.97e-01
4.64e+02 4.32e-01
4.98e+02 4.69e-01
5.34e+02 5.09e-01
5.72e+02 5.52e-01
6.14e+02 5.99e-01
6.58e+02 6.50e-01
7.05e+02 7.29e-01
7.56e+02 nan
8.11e+02 nan
8.70e+02 nan
9.33e+02 nan
1.00e+03 nan
