# Trapping bound for operator=P, sim_name=SFHo-20.0, lepton=mu
# using approach=inverse, mfp_prescription=thermal
# Duration:	2024-07-21 12:44:00 -> 2024-07-21 12:52:40 (8.66min)
# Parameters:	sim_range=100, X_MAX=100.0, NSTEPS=50, vegas_kwargs={'nitn': 10, 'neval': 1000, 'alpha': 0.5}
# m_chi [MeV] / Lambda [TeV]
1.00e+00 6.37e-05
1.07e+00 6.37e-05
1.15e+00 6.37e-05
1.23e+00 6.37e-05
1.32e+00 6.37e-05
1.42e+00 6.38e-05
1.52e+00 6.38e-05
1.63e+00 6.38e-05
1.75e+00 6.38e-05
1.87e+00 6.84e-05
2.01e+00 6.84e-05
2.15e+00 6.85e-05
2.31e+00 6.86e-05
2.48e+00 6.87e-05
2.66e+00 6.87e-05
2.85e+00 6.88e-05
3.05e+00 6.89e-05
3.27e+00 6.90e-05
3.51e+00 6.91e-05
3.76e+00 6.93e-05
4.04e+00 6.95e-05
4.33e+00 6.97e-05
4.64e+00 7.49e-05
4.98e+00 7.51e-05
5.34e+00 7.54e-05
5.72e+00 7.58e-05
6.14e+00 7.62e-05
6.58e+00 8.22e-05
7.05e+00 8.27e-05
7.56e+00 8.33e-05
8.11e+00 9.00e-05
8.70e+00 9.08e-05
9.33e+00 9.83e-05
1.00e+01 9.93e-05
1.07e+01 1.08e-04
1.15e+01 1.17e-04
1.23e+01 1.28e-04
1.32e+01 1.29e-04
1.42e+01 1.41e-04
1.52e+01 1.55e-04
1.63e+01 1.69e-04
1.75e+01 1.86e-04
1.87e+01 2.21e-04
2.01e+01 2.43e-04
2.15e+01 2.68e-04
2.31e+01 2.96e-04
2.48e+01 3.55e-04
2.66e+01 3.93e-04
2.85e+01 4.76e-04
3.05e+01 5.29e-04
3.27e+01 5.90e-04
3.51e+01 7.21e-04
3.76e+01 8.10e-04
4.04e+01 1.01e-03
4.33e+01 1.14e-03
4.64e+01 1.29e-03
4.98e+01 1.46e-03
5.34e+01 1.83e-03
5.72e+01 2.07e-03
6.14e+01 2.35e-03
6.58e+01 2.66e-03
7.05e+01 3.01e-03
7.56e+01 3.78e-03
8.11e+01 4.28e-03
8.70e+01 4.84e-03
9.33e+01 5.47e-03
1.00e+02 6.18e-03
1.07e+02 6.99e-03
1.15e+02 7.93e-03
1.23e+02 9.82e-03
1.32e+02 1.12e-02
1.42e+02 1.28e-02
1.52e+02 1.59e-02
1.63e+02 1.83e-02
1.75e+02 2.13e-02
1.87e+02 2.58e-02
2.01e+02 2.94e-02
2.15e+02 3.37e-02
2.31e+02 3.62e-02
2.48e+02 3.99e-02
2.66e+02 4.36e-02
2.85e+02 4.60e-02
3.05e+02 4.99e-02
3.27e+02 5.41e-02
3.51e+02 5.66e-02
3.76e+02 6.10e-02
4.04e+02 6.58e-02
4.33e+02 7.08e-02
4.64e+02 7.61e-02
4.98e+02 8.18e-02
5.34e+02 8.79e-02
5.72e+02 9.44e-02
6.14e+02 1.02e-01
6.58e+02 1.09e-01
7.05e+02 1.23e-01
7.56e+02 nan
8.11e+02 nan
8.70e+02 nan
9.33e+02 nan
1.00e+03 nan
