# Trapping bound for operator=S, sim_name=SFHo-20.0, lepton=mu
# using approach=exact, mfp_prescription=thermal
# Duration:	2024-07-21 11:52:00 -> 2024-07-21 17:26:25 (334.41min)
# Parameters:	sim_range=100, X_MAX=100.0, NSTEPS=50, vegas_kwargs={'nitn': 10, 'neval': 1000, 'alpha': 0.5}
# m_chi [MeV] / Lambda [TeV]
1.00e+00 2.87e-04
1.07e+00 2.88e-04
1.15e+00 2.89e-04
1.23e+00 2.90e-04
1.32e+00 2.91e-04
1.42e+00 2.93e-04
1.52e+00 2.94e-04
1.63e+00 2.96e-04
1.75e+00 2.97e-04
1.87e+00 3.18e-04
2.01e+00 3.20e-04
2.15e+00 3.22e-04
2.31e+00 3.24e-04
2.48e+00 3.27e-04
2.66e+00 3.29e-04
2.85e+00 3.32e-04
3.05e+00 3.35e-04
3.27e+00 3.38e-04
3.51e+00 3.41e-04
3.76e+00 3.44e-04
4.04e+00 3.48e-04
4.33e+00 3.52e-04
4.64e+00 3.79e-04
4.98e+00 3.84e-04
5.34e+00 3.89e-04
5.72e+00 3.94e-04
6.14e+00 4.00e-04
6.58e+00 4.33e-04
7.05e+00 4.40e-04
7.56e+00 4.47e-04
8.11e+00 4.84e-04
8.70e+00 4.93e-04
9.33e+00 5.35e-04
1.00e+01 5.45e-04
1.07e+01 5.93e-04
1.15e+01 6.46e-04
1.23e+01 7.03e-04
1.32e+01 7.18e-04
1.42e+01 7.84e-04
1.52e+01 8.57e-04
1.63e+01 9.38e-04
1.75e+01 1.03e-03
1.87e+01 1.21e-03
2.01e+01 1.33e-03
2.15e+01 1.46e-03
2.31e+01 1.61e-03
2.48e+01 1.91e-03
2.66e+01 2.10e-03
2.85e+01 2.51e-03
3.05e+01 2.79e-03
3.27e+01 3.09e-03
3.51e+01 3.72e-03
3.76e+01 4.16e-03
4.04e+01 5.09e-03
4.33e+01 5.72e-03
4.64e+01 6.43e-03
4.98e+01 7.24e-03
5.34e+01 8.92e-03
5.72e+01 1.00e-02
6.14e+01 1.13e-02
6.58e+01 1.27e-02
7.05e+01 1.43e-02
7.56e+01 1.76e-02
8.11e+01 1.97e-02
8.70e+01 2.21e-02
9.33e+01 2.48e-02
1.00e+02 2.77e-02
1.07e+02 3.09e-02
1.15e+02 3.45e-02
1.23e+02 4.12e-02
1.32e+02 4.58e-02
1.42e+02 5.07e-02
1.52e+02 5.97e-02
1.63e+02 6.61e-02
1.75e+02 7.34e-02
1.87e+02 8.59e-02
2.01e+02 9.60e-02
2.15e+02 1.12e-01
2.31e+02 1.24e-01
2.48e+02 1.41e-01
2.66e+02 1.58e-01
2.85e+02 1.71e-01
3.05e+02 1.89e-01
3.27e+02 2.09e-01
3.51e+02 2.23e-01
3.76e+02 2.44e-01
4.04e+02 2.66e-01
4.33e+02 2.89e-01
4.64e+02 3.13e-01
4.98e+02 3.40e-01
5.34e+02 3.68e-01
5.72e+02 3.98e-01
6.14e+02 4.30e-01
6.58e+02 4.65e-01
7.05e+02 5.19e-01
7.56e+02 nan
8.11e+02 nan
8.70e+02 nan
9.33e+02 nan
1.00e+03 nan
