1.000000000000000000e+00 1.742715837614000173e-04
1.072267222010323318e+00 1.750073897989883889e-04
1.149756995397735793e+00 1.757978789503783523e-04
1.232846739442066131e+00 1.766352101010715422e-04
1.321941148466029059e+00 1.775244913723408500e-04
1.417474162926805281e+00 1.784819160706640421e-04
1.519911082952933645e+00 1.795037533053736654e-04
1.629750834620644184e+00 1.806109004597469619e-04
1.747528400007683835e+00 1.817868867073267017e-04
1.873817422860383886e+00 1.830373457469468225e-04
2.009233002565047332e+00 1.843876683347016494e-04
2.154434690031883814e+00 1.858004223048921903e-04
2.310129700083159765e+00 1.873496959683639245e-04
2.477076355991710610e+00 1.889816288698441509e-04
2.656087782946686460e+00 1.907331792461914352e-04
2.848035868435801810e+00 1.926197940392571908e-04
3.053855508833415389e+00 2.049777078204611646e-04
3.274549162877728570e+00 2.072139625789671191e-04
3.511191734215131088e+00 2.095948888877992354e-04
3.764935806792468309e+00 2.121582143409684739e-04
4.037017258596554470e+00 2.148829982279844373e-04
4.328761281083058243e+00 2.177926451880636105e-04
4.641588833612779297e+00 2.326671668768451199e-04
4.977023564332111683e+00 2.361213576786331018e-04
5.336699231206309513e+00 2.398193744891121402e-04
5.722367659350217295e+00 2.570032675297025527e-04
6.135907273413172547e+00 2.613947148725781510e-04
6.579332246575680720e+00 2.802939860064064407e-04
7.054802310718643277e+00 2.855154390701316724e-04
7.564633275546288615e+00 3.069826867278386802e-04
8.111308307896871739e+00 3.302575975082618141e-04
8.697490026177835176e+00 3.552439678432545828e-04
9.326033468832198636e+00 3.828840923536914282e-04
1.000000000000000000e+01 4.127778024851600511e-04
1.072267222010323096e+01 4.454084320810321965e-04
1.149756995397735615e+01 4.813845641600141261e-04
1.232846739442065953e+01 5.200912154388995538e-04
1.321941148466029325e+01 5.947932719016702690e-04
1.417474162926805548e+01 6.434376533500465491e-04
1.519911082952933867e+01 7.364303241747587004e-04
1.629750834620644184e+01 7.982490007304724388e-04
1.747528400007684013e+01 9.153330351036262228e-04
1.873817422860383886e+01 1.051405122014502282e-03
2.009233002565046888e+01 1.206620827816150959e-03
2.154434690031884614e+01 1.384463481516556068e-03
2.310129700083160387e+01 1.590108755198916006e-03
2.477076355991711409e+01 1.825760025109214894e-03
2.656087782946686815e+01 2.213899777075973088e-03
2.848035868435801987e+01 2.535793508185869415e-03
3.053855508833415655e+01 2.906064318130678788e-03
3.274549162877728037e+01 3.509686088494115390e-03
3.511191734215130822e+01 4.022278586511065200e-03
3.764935806792467332e+01 4.858160653313571900e-03
4.037017258596555536e+01 5.869880531063406855e-03
4.328761281083059487e+01 6.738328197698231943e-03
4.641588833612780007e+01 8.186456185147629808e-03
4.977023564332111505e+01 9.451934668170031834e-03
5.336699231206309690e+01 1.096634932043302063e-02
5.722367659350216940e+01 1.275534795297509488e-02
6.135907273413172902e+01 1.492438862961046470e-02
6.579332246575683030e+01 1.757720883315290819e-02
7.054802310718645231e+01 1.944874053074644935e-02
7.564633275546290747e+01 2.313821927635940565e-02
8.111308307896872805e+01 2.572150463642110599e-02
8.697490026177834466e+01 3.077537807338659101e-02
9.326033468832198992e+01 3.425277403501399143e-02
1.000000000000000000e+02 4.091792506750516201e-02
1.072267222010323167e+02 4.540043894258171536e-02
1.149756995397735579e+02 5.380435301660665970e-02
1.232846739442065882e+02 5.968282610030829077e-02
1.321941148466028721e+02 7.053015605142452793e-02
1.417474162926804695e+02 7.831681982753073423e-02
1.519911082952933157e+02 9.227712964456556699e-02
1.629750834620645037e+02 1.026603929697337408e-01
1.747528400007684866e+02 1.201107422561148302e-01
1.873817422860385022e+02 1.334481843852785565e-01
2.009233002565048025e+02 1.538584861680935556e-01
2.154434690031884543e+02 1.679930049306322948e-01
2.310129700083160458e+02 1.886863496097727355e-01
2.477076355991711409e+02 2.033799673785974815e-01
2.656087782946686957e+02 2.261404440077363909e-01
2.848035868435802058e+02 2.425298822578182134e-01
3.053855508833415797e+02 2.677031604300075807e-01
3.274549162877728463e+02 2.941729414877337634e-01
3.511191734215130964e+02 3.218691572545135382e-01
3.764935806792467474e+02 3.507685679664164780e-01
4.037017258596553688e+02 3.797959692565034406e-01
4.328761281083056929e+02 4.061805784498029870e-01
4.641588833612781855e+02 nan
4.977023564332113779e+02 nan
5.336699231206312106e+02 nan
5.722367659350220492e+02 nan
6.135907273413175744e+02 nan
6.579332246575681893e+02 nan
7.054802310718645231e+02 nan
7.564633275546290179e+02 nan
8.111308307896872520e+02 nan
8.697490026177833897e+02 nan
9.326033468832199560e+02 nan
1.000000000000000000e+03 nan
