# Trapping bound for operator=P, sim_name=SFHo-20.0, lepton=mu
# using approach=exact, mfp_prescription=thermal
# Duration:	2024-07-21 11:52:00 -> 2024-07-21 17:30:12 (338.20min)
# Parameters:	sim_range=100, X_MAX=100.0, NSTEPS=50, vegas_kwargs={'nitn': 10, 'neval': 1000, 'alpha': 0.5}
# m_chi [MeV] / Lambda [TeV]
1.00e+00 5.47e-05
1.07e+00 5.59e-05
1.15e+00 5.70e-05
1.23e+00 5.83e-05
1.32e+00 5.95e-05
1.42e+00 6.09e-05
1.52e+00 6.22e-05
1.63e+00 6.36e-05
1.75e+00 6.51e-05
1.87e+00 7.13e-05
2.01e+00 7.30e-05
2.15e+00 7.47e-05
2.31e+00 7.65e-05
2.48e+00 7.84e-05
2.66e+00 8.04e-05
2.85e+00 8.25e-05
3.05e+00 8.47e-05
3.27e+00 8.69e-05
3.51e+00 8.93e-05
3.76e+00 9.18e-05
4.04e+00 9.44e-05
4.33e+00 9.72e-05
4.64e+00 1.07e-04
4.98e+00 1.10e-04
5.34e+00 1.14e-04
5.72e+00 1.17e-04
6.14e+00 1.21e-04
6.58e+00 1.34e-04
7.05e+00 1.38e-04
7.56e+00 1.43e-04
8.11e+00 1.58e-04
8.70e+00 1.64e-04
9.33e+00 1.82e-04
1.00e+01 1.89e-04
1.07e+01 2.10e-04
1.15e+01 2.33e-04
1.23e+01 2.59e-04
1.32e+01 2.69e-04
1.42e+01 3.00e-04
1.52e+01 3.35e-04
1.63e+01 3.74e-04
1.75e+01 4.18e-04
1.87e+01 5.04e-04
2.01e+01 5.65e-04
2.15e+01 6.34e-04
2.31e+01 7.12e-04
2.48e+01 8.63e-04
2.66e+01 9.72e-04
2.85e+01 1.19e-03
3.05e+01 1.34e-03
3.27e+01 1.52e-03
3.51e+01 1.87e-03
3.76e+01 2.13e-03
4.04e+01 2.67e-03
4.33e+01 3.06e-03
4.64e+01 3.51e-03
4.98e+01 4.02e-03
5.34e+01 5.07e-03
5.72e+01 5.81e-03
6.14e+01 6.67e-03
6.58e+01 7.65e-03
7.05e+01 8.78e-03
7.56e+01 1.10e-02
8.11e+01 1.27e-02
8.70e+01 1.45e-02
9.33e+01 1.66e-02
1.00e+02 1.91e-02
1.07e+02 2.20e-02
1.15e+02 2.53e-02
1.23e+02 3.16e-02
1.32e+02 3.67e-02
1.42e+02 4.29e-02
1.52e+02 5.34e-02
1.63e+02 6.28e-02
1.75e+02 7.42e-02
1.87e+02 9.07e-02
2.01e+02 1.06e-01
2.15e+02 1.24e-01
2.31e+02 1.35e-01
2.48e+02 1.50e-01
2.66e+02 1.64e-01
2.85e+02 1.76e-01
3.05e+02 1.92e-01
3.27e+02 2.08e-01
3.51e+02 2.22e-01
3.76e+02 2.40e-01
4.04e+02 2.60e-01
4.33e+02 2.81e-01
4.64e+02 3.04e-01
4.98e+02 3.29e-01
5.34e+02 3.55e-01
5.72e+02 3.84e-01
6.14e+02 4.15e-01
6.58e+02 4.49e-01
7.05e+02 5.01e-01
7.56e+02 nan
8.11e+02 nan
8.70e+02 nan
9.33e+02 nan
1.00e+03 nan
