1.000000000000000000e+00 5.337813963239502113e-04
1.072267222010323318e+00 5.357250549060148725e-04
1.149756995397735793e+00 5.377731807481116438e-04
1.232846739442066131e+00 5.399891467719987936e-04
1.321941148466029059e+00 5.423764636755161808e-04
1.417474162926805281e+00 5.448994486456891235e-04
1.519911082952933645e+00 5.476378532947595188e-04
1.629750834620644184e+00 5.505405902926360307e-04
1.747528400007683835e+00 5.536227597743437331e-04
1.873817422860383886e+00 5.943238926310548008e-04
2.009233002565047332e+00 5.980766221478614518e-04
2.154434690031883814e+00 6.021383716713185055e-04
2.310129700083159765e+00 6.063788471255578258e-04
2.477076355991710610e+00 6.109901567137655028e-04
2.656087782946686460e+00 6.158881414964277297e-04
2.848035868435801810e+00 6.211164542969295098e-04
3.053855508833415389e+00 6.267398879201076288e-04
3.274549162877728570e+00 6.327786861611045706e-04
3.511191734215131088e+00 6.391781546763187485e-04
3.764935806792468309e+00 6.460166988243425936e-04
4.037017258596554470e+00 6.534021559092892525e-04
4.328761281083058243e+00 6.611074916640325913e-04
4.641588833612779297e+00 7.142312121038951701e-04
4.977023564332111683e+00 7.235627705643435294e-04
5.336699231206309513e+00 7.335673550525878810e-04
5.722367659350217295e+00 7.443204531859509265e-04
6.135907273413172547e+00 7.557213407892805811e-04
6.579332246575680720e+00 8.201291949514647557e-04
7.054802310718643277e+00 8.338952708202892333e-04
7.564633275546288615e+00 8.483689549011608081e-04
8.111308307896871739e+00 9.219000535043706587e-04
8.697490026177835176e+00 9.392902545555657139e-04
9.326033468832198636e+00 1.022253083480563918e-03
1.000000000000000000e+01 1.043033251466852617e-03
1.072267222010323096e+01 1.138137869433828104e-03
1.149756995397735615e+01 1.241500937783043693e-03
1.232846739442065953e+01 1.355311097975155435e-03
1.321941148466029325e+01 1.386593062834460275e-03
1.417474162926805548e+01 1.518492041644094181e-03
1.519911082952933867e+01 1.664336135403561611e-03
1.629750834620644184e+01 1.826815673527152099e-03
1.747528400007684013e+01 2.007376598769997945e-03
1.873817422860383886e+01 2.372420202902774961e-03
2.009233002565046888e+01 2.613893515888498099e-03
2.154434690031884614e+01 2.881861600613210526e-03
2.310129700083160387e+01 3.184829572335403595e-03
2.477076355991711409e+01 3.787492572447876370e-03
2.656087782946686815e+01 4.196300360839057449e-03
2.848035868435801987e+01 5.037956134450865923e-03
3.053855508833415655e+01 5.600459481225910155e-03
3.274549162877728037e+01 6.230810581631190948e-03
3.511191734215130822e+01 7.553470340966554966e-03
3.764935806792467332e+01 8.474473652613273914e-03
4.037017258596555536e+01 1.042851797668921561e-02
4.328761281083059487e+01 1.176985473238178863e-02
4.641588833612780007e+01 1.329566874404097300e-02
4.977023564332111505e+01 1.502820671923879407e-02
5.336699231206309690e+01 1.862415275040623167e-02
5.722367659350216940e+01 2.105439902064326282e-02
6.135907273413172902e+01 2.380514628749283781e-02
6.579332246575683030e+01 2.690913976900111831e-02
7.054802310718645231e+01 3.041821067903448597e-02
7.564633275546290747e+01 3.755476643269031745e-02
8.111308307896872805e+01 4.232167036851629954e-02
8.697490026177834466e+01 4.762127080751782371e-02
9.326033468832198992e+01 5.354751118384259295e-02
1.000000000000000000e+02 6.011281009435694850e-02
1.072267222010323167e+02 6.737020872760550450e-02
1.149756995397735579e+02 7.537564350124324741e-02
1.232846739442065882e+02 9.055433810675118933e-02
1.321941148466028721e+02 1.007558365455706595e-01
1.417474162926804695e+02 1.119830168134977738e-01
1.519911082952933157e+02 1.321241176613110468e-01
1.629750834620645037e+02 1.464274155710047487e-01
1.747528400007684866e+02 1.623331541708092352e-01
1.873817422860385022e+02 1.884003076752440720e-01
2.009233002565048025e+02 2.074519656231077758e-01
2.154434690031884543e+02 2.346493869152721234e-01
2.310129700083160458e+02 2.533858027027035553e-01
2.477076355991711409e+02 2.819668294937144326e-01
2.656087782946686957e+02 3.122306415134646906e-01
2.848035868435802058e+02 3.339910818585229979e-01
3.053855508833415797e+02 3.671775926971536652e-01
3.274549162877728463e+02 4.021970131840565954e-01
3.511191734215130964e+02 4.281308525288128886e-01
3.764935806792467474e+02 4.668525396673625649e-01
4.037017258596553688e+02 5.078963588495074566e-01
4.328761281083056929e+02 5.516236494334911811e-01
4.641588833612781855e+02 5.983414491958706227e-01
4.977023564332113779e+02 6.482789046039348912e-01
5.336699231206312106e+02 7.019396660399526144e-01
5.722367659350220492e+02 7.596792979660008660e-01
6.135907273413175744e+02 8.228018179659393194e-01
6.579332246575681893e+02 8.898326386343593519e-01
7.054802310718645231e+02 9.887198761547129067e-01
7.564633275546290179e+02 nan
8.111308307896872520e+02 nan
8.697490026177833897e+02 nan
9.326033468832199560e+02 nan
1.000000000000000000e+03 nan
