# Trapping bound for operator=A, sim_name=SFHo-20.0, lepton=mu
# using approach=exact, mfp_prescription=thermal
# Duration:	2024-07-21 11:52:00 -> 2024-07-21 17:35:09 (343.16min)
# Parameters:	sim_range=100, X_MAX=100.0, NSTEPS=50, vegas_kwargs={'nitn': 10, 'neval': 1000, 'alpha': 0.5}
# m_chi [MeV] / Lambda [TeV]
1.00e+00 3.84e-04
1.07e+00 3.85e-04
1.15e+00 3.87e-04
1.23e+00 3.88e-04
1.32e+00 3.90e-04
1.42e+00 3.92e-04
1.52e+00 3.94e-04
1.63e+00 3.96e-04
1.75e+00 3.98e-04
1.87e+00 4.26e-04
2.01e+00 4.29e-04
2.15e+00 4.32e-04
2.31e+00 4.35e-04
2.48e+00 4.38e-04
2.66e+00 4.42e-04
2.85e+00 4.45e-04
3.05e+00 4.49e-04
3.27e+00 4.53e-04
3.51e+00 4.58e-04
3.76e+00 4.63e-04
4.04e+00 4.68e-04
4.33e+00 4.73e-04
4.64e+00 5.10e-04
4.98e+00 5.17e-04
5.34e+00 5.24e-04
5.72e+00 5.31e-04
6.14e+00 5.39e-04
6.58e+00 5.84e-04
7.05e+00 5.93e-04
7.56e+00 6.04e-04
8.11e+00 6.55e-04
8.70e+00 6.67e-04
9.33e+00 7.24e-04
1.00e+01 7.39e-04
1.07e+01 8.05e-04
1.15e+01 8.76e-04
1.23e+01 9.55e-04
1.32e+01 9.76e-04
1.42e+01 1.07e-03
1.52e+01 1.17e-03
1.63e+01 1.28e-03
1.75e+01 1.40e-03
1.87e+01 1.66e-03
2.01e+01 1.82e-03
2.15e+01 2.00e-03
2.31e+01 2.21e-03
2.48e+01 2.62e-03
2.66e+01 2.90e-03
2.85e+01 3.47e-03
3.05e+01 3.85e-03
3.27e+01 4.28e-03
3.51e+01 5.17e-03
3.76e+01 5.79e-03
4.04e+01 7.09e-03
4.33e+01 7.99e-03
4.64e+01 9.00e-03
4.98e+01 1.02e-02
5.34e+01 1.25e-02
5.72e+01 1.41e-02
6.14e+01 1.60e-02
6.58e+01 1.80e-02
7.05e+01 2.03e-02
7.56e+01 2.50e-02
8.11e+01 2.82e-02
8.70e+01 3.16e-02
9.33e+01 3.55e-02
1.00e+02 3.98e-02
1.07e+02 4.45e-02
1.15e+02 4.97e-02
1.23e+02 5.96e-02
1.32e+02 6.61e-02
1.42e+02 7.33e-02
1.52e+02 8.65e-02
1.63e+02 9.56e-02
1.75e+02 1.06e-01
1.87e+02 1.24e-01
2.01e+02 1.38e-01
2.15e+02 1.60e-01
2.31e+02 1.75e-01
2.48e+02 1.97e-01
2.66e+02 2.20e-01
2.85e+02 2.37e-01
3.05e+02 2.62e-01
3.27e+02 2.88e-01
3.51e+02 3.08e-01
3.76e+02 3.38e-01
4.04e+02 3.69e-01
4.33e+02 4.03e-01
4.64e+02 4.38e-01
4.98e+02 4.77e-01
5.34e+02 5.18e-01
5.72e+02 5.62e-01
6.14e+02 6.10e-01
6.58e+02 6.61e-01
7.05e+02 7.41e-01
7.56e+02 nan
8.11e+02 nan
8.70e+02 nan
9.33e+02 nan
1.00e+03 nan
