1.000000000000000000e+00 1.824323488256795675e-02
1.072267222010323318e+00 1.754486648897552598e-02
1.149756995397735793e+00 1.822694347368146103e-02
1.232846739442066131e+00 1.804302148811115503e-02
1.321941148466029059e+00 1.794401604708602271e-02
1.417474162926805281e+00 1.786208057704639224e-02
1.519911082952933645e+00 1.798635107492708995e-02
1.629750834620644184e+00 1.786724165498896483e-02
1.747528400007683835e+00 1.802828266271825838e-02
1.873817422860383886e+00 1.812175467103239318e-02
2.009233002565047332e+00 1.842967192801311244e-02
2.154434690031883814e+00 1.791296074233507396e-02
2.310129700083159765e+00 1.839570822951057741e-02
2.477076355991710610e+00 1.809796343310233688e-02
2.656087782946686460e+00 1.809360722348668168e-02
2.848035868435801810e+00 1.805493154171156425e-02
3.053855508833415389e+00 1.772586705805187166e-02
3.274549162877728570e+00 1.817252185095916475e-02
3.511191734215131088e+00 1.865315738270973897e-02
3.764935806792468309e+00 1.862935891255147400e-02
4.037017258596554470e+00 1.824924982066308127e-02
4.328761281083058243e+00 1.810246258259803204e-02
4.641588833612779297e+00 1.854284847663679320e-02
4.977023564332111683e+00 1.834470184028408682e-02
5.336699231206309513e+00 1.865204966071640560e-02
5.722367659350217295e+00 1.846264822475238848e-02
6.135907273413172547e+00 1.894072842426943945e-02
6.579332246575680720e+00 1.871184815269718096e-02
7.054802310718643277e+00 1.870260222415280615e-02
7.564633275546288615e+00 1.898438424718008541e-02
8.111308307896871739e+00 1.980012539909947397e-02
8.697490026177835176e+00 1.967533054952619320e-02
9.326033468832198636e+00 2.007868373906962142e-02
1.000000000000000000e+01 2.002660999442926193e-02
1.072267222010323096e+01 2.031448304149261266e-02
1.149756995397735615e+01 2.072657931246446247e-02
1.232846739442065953e+01 2.100512147915270175e-02
1.321941148466029325e+01 2.100559214447823494e-02
1.417474162926805548e+01 2.211567581183970094e-02
1.519911082952933867e+01 2.244961371322245006e-02
1.629750834620644184e+01 2.302870620271505950e-02
1.747528400007684013e+01 2.387045886760615077e-02
1.873817422860383886e+01 2.418412888604462227e-02
2.009233002565046888e+01 2.504856035142878287e-02
2.154434690031884614e+01 2.636691775476810579e-02
2.310129700083160387e+01 2.763093217350186259e-02
2.477076355991711409e+01 2.809634791361826159e-02
2.656087782946686815e+01 2.886752677973008011e-02
2.848035868435801987e+01 3.063407555666835397e-02
3.053855508833415655e+01 3.248707513546678777e-02
3.274549162877728037e+01 3.404106143051908312e-02
3.511191734215130822e+01 3.530481711156908259e-02
3.764935806792467332e+01 3.812290343945130139e-02
4.037017258596555536e+01 3.995226473665428740e-02
4.328761281083059487e+01 4.268939014787933445e-02
4.641588833612780007e+01 4.532726263139071760e-02
4.977023564332111505e+01 4.874127630779166026e-02
5.336699231206309690e+01 5.191710655534497593e-02
5.722367659350216940e+01 5.671372154064754229e-02
6.135907273413172902e+01 5.958098574926616597e-02
6.579332246575683030e+01 6.484080969838509900e-02
7.054802310718645231e+01 7.141432629318821002e-02
7.564633275546290747e+01 7.619503877044551954e-02
8.111308307896872805e+01 8.413985330680202879e-02
8.697490026177834466e+01 9.166338071859303493e-02
9.326033468832198992e+01 9.818414974079406332e-02
1.000000000000000000e+02 1.086359108056436790e-01
1.072267222010323167e+02 1.160115347895895044e-01
1.149756995397735579e+02 1.277988521833626767e-01
1.232846739442065882e+02 1.411803175330004767e-01
1.321941148466028721e+02 1.558732680776165613e-01
1.417474162926804695e+02 1.691908163786729202e-01
1.519911082952933157e+02 1.888005167161456721e-01
1.629750834620645037e+02 2.028759464170523386e-01
1.747528400007684866e+02 2.256954166380251148e-01
1.873817422860385022e+02 2.537008677530994682e-01
2.009233002565048025e+02 2.780173788973820392e-01
2.154434690031884543e+02 3.133719349653671937e-01
2.310129700083160458e+02 3.397182033290669367e-01
2.477076355991711409e+02 3.865229226676734631e-01
2.656087782946686957e+02 4.216297752887059325e-01
2.848035868435802058e+02 4.671461858570610248e-01
3.053855508833415797e+02 5.179480848532824755e-01
3.274549162877728463e+02 5.588022672259348456e-01
3.511191734215130964e+02 6.222887326708310685e-01
3.764935806792467474e+02 6.801151244826633135e-01
4.037017258596553688e+02 6.983040464973502282e-01
4.328761281083056929e+02 nan
4.641588833612781855e+02 nan
4.977023564332113779e+02 nan
5.336699231206312106e+02 nan
5.722367659350220492e+02 nan
6.135907273413175744e+02 nan
6.579332246575681893e+02 nan
7.054802310718645231e+02 nan
7.564633275546290179e+02 nan
8.111308307896872520e+02 nan
8.697490026177833897e+02 nan
9.326033468832199560e+02 nan
1.000000000000000000e+03 nan
