1.000000000000000000e+00 1.774989362845020083e-02
1.072267222010323318e+00 1.811251549850024373e-02
1.149756995397735793e+00 1.787577330805275103e-02
1.232846739442066131e+00 1.773588664180504246e-02
1.321941148466029059e+00 1.808669401127455112e-02
1.417474162926805281e+00 1.812314891566136482e-02
1.519911082952933645e+00 1.777555329702571255e-02
1.629750834620644184e+00 1.802546263580375591e-02
1.747528400007683835e+00 1.802028597651080671e-02
1.873817422860383886e+00 1.770688965708091048e-02
2.009233002565047332e+00 1.755671981968988382e-02
2.154434690031883814e+00 1.779537450363402259e-02
2.310129700083159765e+00 1.799080240853348847e-02
2.477076355991710610e+00 1.771720135031169818e-02
2.656087782946686460e+00 1.799893855581409519e-02
2.848035868435801810e+00 1.810371951916235622e-02
3.053855508833415389e+00 1.795108106296521011e-02
3.274549162877728570e+00 1.800876559423904288e-02
3.511191734215131088e+00 1.822994674045253644e-02
3.764935806792468309e+00 1.808155394692687393e-02
4.037017258596554470e+00 1.819008741425220260e-02
4.328761281083058243e+00 1.862449228287751946e-02
4.641588833612779297e+00 1.873266830368254879e-02
4.977023564332111683e+00 1.849357495638852614e-02
5.336699231206309513e+00 1.871117969049188035e-02
5.722367659350217295e+00 1.883091304008787173e-02
6.135907273413172547e+00 1.938150906536790369e-02
6.579332246575680720e+00 1.896388582716775767e-02
7.054802310718643277e+00 1.863613226634189268e-02
7.564633275546288615e+00 1.907293729406675520e-02
8.111308307896871739e+00 1.909806942857715517e-02
8.697490026177835176e+00 1.960102410503664072e-02
9.326033468832198636e+00 1.983924728664663781e-02
1.000000000000000000e+01 2.035536917818593985e-02
1.072267222010323096e+01 2.072524829998089596e-02
1.149756995397735615e+01 2.045653665495923007e-02
1.232846739442065953e+01 2.118778683939411683e-02
1.321941148466029325e+01 2.124824185359343656e-02
1.417474162926805548e+01 2.178987827671766478e-02
1.519911082952933867e+01 2.187089444064665988e-02
1.629750834620644184e+01 2.235482785265029831e-02
1.747528400007684013e+01 2.410491290930806552e-02
1.873817422860383886e+01 2.396238236048234618e-02
2.009233002565046888e+01 2.483999915201694220e-02
2.154434690031884614e+01 2.619525855657868496e-02
2.310129700083160387e+01 2.693646976210461660e-02
2.477076355991711409e+01 2.843195822728594377e-02
2.656087782946686815e+01 2.880187758149922034e-02
2.848035868435801987e+01 2.968098939065750425e-02
3.053855508833415655e+01 3.194505384445990581e-02
3.274549162877728037e+01 3.421537972900832308e-02
3.511191734215130822e+01 3.613532840364212101e-02
3.764935806792467332e+01 3.811224051230011067e-02
4.037017258596555536e+01 4.037607482148655030e-02
4.328761281083059487e+01 4.292478110267061026e-02
4.641588833612780007e+01 4.534025633633479574e-02
4.977023564332111505e+01 4.737231831213398192e-02
5.336699231206309690e+01 5.204740618952245074e-02
5.722367659350216940e+01 5.530048047144860840e-02
6.135907273413172902e+01 5.829343614973347271e-02
6.579332246575683030e+01 6.569450225159008394e-02
7.054802310718645231e+01 7.032602353563230380e-02
7.564633275546290747e+01 7.485541473970735993e-02
8.111308307896872805e+01 8.258496601798817616e-02
8.697490026177834466e+01 9.057467989025426436e-02
9.326033468832198992e+01 1.002039575616592848e-01
1.000000000000000000e+02 1.067504400462395281e-01
1.072267222010323167e+02 1.177622549371139110e-01
1.149756995397735579e+02 1.297156283354460871e-01
1.232846739442065882e+02 1.406799294288320623e-01
1.321941148466028721e+02 1.524312101831595267e-01
1.417474162926804695e+02 1.660727203946046060e-01
1.519911082952933157e+02 1.878258373774029655e-01
1.629750834620645037e+02 2.044255924398089008e-01
1.747528400007684866e+02 2.312110836397670288e-01
1.873817422860385022e+02 2.506919227453787147e-01
2.009233002565048025e+02 2.779912989557439817e-01
2.154434690031884543e+02 3.173467244209949856e-01
2.310129700083160458e+02 3.443297189571749573e-01
2.477076355991711409e+02 3.878870369514509364e-01
2.656087782946686957e+02 4.143156131793258590e-01
2.848035868435802058e+02 4.572856936463166044e-01
3.053855508833415797e+02 5.215395734747568790e-01
3.274549162877728463e+02 5.537965043736942095e-01
3.511191734215130964e+02 6.138617334032088202e-01
3.764935806792467474e+02 6.742792676983414557e-01
4.037017258596553688e+02 7.179001807438183391e-01
4.328761281083056929e+02 nan
4.641588833612781855e+02 nan
4.977023564332113779e+02 nan
5.336699231206312106e+02 nan
5.722367659350220492e+02 nan
6.135907273413175744e+02 nan
6.579332246575681893e+02 nan
7.054802310718645231e+02 nan
7.564633275546290179e+02 nan
8.111308307896872520e+02 nan
8.697490026177833897e+02 nan
9.326033468832199560e+02 nan
1.000000000000000000e+03 nan
