1.000000000000000000e+00 4.749330896777233246e-02
1.072267222010323318e+00 4.701829899243147037e-02
1.149756995397735793e+00 4.730545324647952854e-02
1.232846739442066131e+00 4.647652806558610905e-02
1.321941148466029059e+00 4.702337844833694852e-02
1.417474162926805281e+00 4.727840554126029604e-02
1.519911082952933645e+00 4.692607165963058602e-02
1.629750834620644184e+00 4.743421777305365655e-02
1.747528400007683835e+00 4.727997277663132519e-02
1.873817422860383886e+00 4.571342426891002869e-02
2.009233002565047332e+00 4.753285580708497410e-02
2.154434690031883814e+00 4.730105429585949872e-02
2.310129700083159765e+00 4.679438326502960432e-02
2.477076355991710610e+00 4.772986136297913823e-02
2.656087782946686460e+00 4.757103454980342316e-02
2.848035868435801810e+00 4.607980962925545959e-02
3.053855508833415389e+00 4.757177443329338451e-02
3.274549162877728570e+00 4.770297543053663575e-02
3.511191734215131088e+00 4.780829698715671761e-02
3.764935806792468309e+00 4.773518015928100017e-02
4.037017258596554470e+00 4.714132045827727074e-02
4.328761281083058243e+00 4.801845401600796787e-02
4.641588833612779297e+00 4.861545107378056202e-02
4.977023564332111683e+00 4.750920837154683218e-02
5.336699231206309513e+00 4.837618454517047389e-02
5.722367659350217295e+00 5.030034575006391701e-02
6.135907273413172547e+00 5.000641547252726582e-02
6.579332246575680720e+00 4.990440594766547278e-02
7.054802310718643277e+00 4.839607049468522965e-02
7.564633275546288615e+00 4.876743406743128811e-02
8.111308307896871739e+00 4.952999998880180943e-02
8.697490026177835176e+00 5.151296836455722394e-02
9.326033468832198636e+00 5.156654369439731683e-02
1.000000000000000000e+01 5.158371361590953497e-02
1.072267222010323096e+01 5.326987250278435865e-02
1.149756995397735615e+01 5.224044093916536957e-02
1.232846739442065953e+01 5.511733791504636049e-02
1.321941148466029325e+01 5.643963932871310513e-02
1.417474162926805548e+01 5.607785463580287205e-02
1.519911082952933867e+01 5.876027754513911405e-02
1.629750834620644184e+01 5.832157784794988337e-02
1.747528400007684013e+01 6.203609793587141347e-02
1.873817422860383886e+01 6.465635677763215128e-02
2.009233002565046888e+01 6.585249892301957286e-02
2.154434690031884614e+01 6.844367704346787651e-02
2.310129700083160387e+01 7.162944157543854606e-02
2.477076355991711409e+01 7.430520841795698606e-02
2.656087782946686815e+01 7.686995726864653822e-02
2.848035868435801987e+01 8.140116017498315315e-02
3.053855508833415655e+01 8.608157501399926748e-02
3.274549162877728037e+01 8.905553909977619031e-02
3.511191734215130822e+01 9.264247034372691258e-02
3.764935806792467332e+01 9.869953020042797343e-02
4.037017258596555536e+01 1.063496772820373554e-01
4.328761281083059487e+01 1.107869485439976209e-01
4.641588833612780007e+01 1.196183801559600746e-01
4.977023564332111505e+01 1.283770084191983851e-01
5.336699231206309690e+01 1.393812034714562442e-01
5.722367659350216940e+01 1.425200963126652398e-01
6.135907273413172902e+01 1.599691164128575205e-01
6.579332246575683030e+01 1.701146090960581891e-01
7.054802310718645231e+01 1.854863686694216696e-01
7.564633275546290747e+01 2.002189255525428369e-01
8.111308307896872805e+01 2.202217663762849609e-01
8.697490026177834466e+01 2.371481834980938286e-01
9.326033468832198992e+01 2.593330393970328940e-01
1.000000000000000000e+02 2.798807807093318112e-01
1.072267222010323167e+02 3.065630207816133490e-01
1.149756995397735579e+02 3.360856356451615290e-01
1.232846739442065882e+02 3.662523795207024979e-01
1.321941148466028721e+02 4.022816933706489517e-01
1.417474162926804695e+02 4.320223179670268920e-01
1.519911082952933157e+02 4.912526423723175273e-01
1.629750834620645037e+02 5.202529683089918144e-01
1.747528400007684866e+02 6.083226373439973855e-01
1.873817422860385022e+02 6.752810837205577288e-01
2.009233002565048025e+02 7.145568214451717415e-01
2.154434690031884543e+02 8.013120611021731232e-01
2.310129700083160458e+02 9.059559593148611700e-01
2.477076355991711409e+02 9.920786164108527094e-01
2.656087782946686957e+02 1.089379076229231913e+00
2.848035868435802058e+02 1.169244553280615273e+00
3.053855508833415797e+02 1.313322512030572042e+00
3.274549162877728463e+02 1.462505977197007700e+00
3.511191734215130964e+02 1.578771527033518085e+00
3.764935806792467474e+02 1.714679753082185565e+00
4.037017258596553688e+02 1.835211098616974512e+00
4.328761281083056929e+02 nan
4.641588833612781855e+02 nan
4.977023564332113779e+02 nan
5.336699231206312106e+02 nan
5.722367659350220492e+02 nan
6.135907273413175744e+02 nan
6.579332246575681893e+02 nan
7.054802310718645231e+02 nan
7.564633275546290179e+02 nan
8.111308307896872520e+02 nan
8.697490026177833897e+02 nan
9.326033468832199560e+02 nan
1.000000000000000000e+03 nan
