1.000000000000000000e+00 2.931079561702369315e-02
1.072267222010323318e+00 2.943851361132534053e-02
1.149756995397735793e+00 2.903807138609846086e-02
1.232846739442066131e+00 2.904278702312096394e-02
1.321941148466029059e+00 2.877451552723431921e-02
1.417474162926805281e+00 2.906735407116550762e-02
1.519911082952933645e+00 2.871221415340624583e-02
1.629750834620644184e+00 2.887357911639359953e-02
1.747528400007683835e+00 2.905039826917196755e-02
1.873817422860383886e+00 2.954577076014528944e-02
2.009233002565047332e+00 2.938549307900899590e-02
2.154434690031883814e+00 2.887674511862176052e-02
2.310129700083159765e+00 2.944087289856639131e-02
2.477076355991710610e+00 2.946393586571932274e-02
2.656087782946686460e+00 2.898956168194341543e-02
2.848035868435801810e+00 2.938750983964538016e-02
3.053855508833415389e+00 2.978467367578045352e-02
3.274549162877728570e+00 2.929970714374642918e-02
3.511191734215131088e+00 2.962261201760683568e-02
3.764935806792468309e+00 2.957995803414406946e-02
4.037017258596554470e+00 2.976415121096585847e-02
4.328761281083058243e+00 3.022914258135479815e-02
4.641588833612779297e+00 2.990179198022339252e-02
4.977023564332111683e+00 3.062533606916464576e-02
5.336699231206309513e+00 2.976643190927475910e-02
5.722367659350217295e+00 3.061479784013914837e-02
6.135907273413172547e+00 3.004948590129985497e-02
6.579332246575680720e+00 3.056987950829304079e-02
7.054802310718643277e+00 3.101112964801401931e-02
7.564633275546288615e+00 3.103424744415686845e-02
8.111308307896871739e+00 3.054963268211362618e-02
8.697490026177835176e+00 3.177608265896143813e-02
9.326033468832198636e+00 3.211928734351773146e-02
1.000000000000000000e+01 3.289016123629873167e-02
1.072267222010323096e+01 3.320724354759917868e-02
1.149756995397735615e+01 3.331718840768207318e-02
1.232846739442065953e+01 3.374433504241095005e-02
1.321941148466029325e+01 3.508673409621408668e-02
1.417474162926805548e+01 3.640354742336551763e-02
1.519911082952933867e+01 3.666386602448554882e-02
1.629750834620644184e+01 3.744937292427473474e-02
1.747528400007684013e+01 3.811598790196461112e-02
1.873817422860383886e+01 4.004098422504592802e-02
2.009233002565046888e+01 4.110867424241263640e-02
2.154434690031884614e+01 4.166479341178308538e-02
2.310129700083160387e+01 4.429115984254158866e-02
2.477076355991711409e+01 4.598419971682635166e-02
2.656087782946686815e+01 4.794115121520192702e-02
2.848035868435801987e+01 4.882085111101126113e-02
3.053855508833415655e+01 5.259268789498178914e-02
3.274549162877728037e+01 5.554558492713092266e-02
3.511191734215130822e+01 5.861414350015579228e-02
3.764935806792467332e+01 6.098603887367321646e-02
4.037017258596555536e+01 6.538536421510932062e-02
4.328761281083059487e+01 6.910238264423126942e-02
4.641588833612780007e+01 7.286153689268308475e-02
4.977023564332111505e+01 7.922509732551157036e-02
5.336699231206309690e+01 8.400673072529843410e-02
5.722367659350216940e+01 9.077507754258903883e-02
6.135907273413172902e+01 9.887681459068313472e-02
6.579332246575683030e+01 1.051953941580208302e-01
7.054802310718645231e+01 1.160876618975743985e-01
7.564633275546290747e+01 1.225756030190371798e-01
8.111308307896872805e+01 1.352706729136018415e-01
8.697490026177834466e+01 1.433363316717446156e-01
9.326033468832198992e+01 1.578799079796795179e-01
1.000000000000000000e+02 1.736345028346046038e-01
1.072267222010323167e+02 1.860574376622123327e-01
1.149756995397735579e+02 2.096437882540183317e-01
1.232846739442065882e+02 2.285802126719138627e-01
1.321941148466028721e+02 2.489342179400173549e-01
1.417474162926804695e+02 2.739932174802716669e-01
1.519911082952933157e+02 3.050170645948468984e-01
1.629750834620645037e+02 3.308899674714753658e-01
1.747528400007684866e+02 3.729132606324723764e-01
1.873817422860385022e+02 4.132816785173545893e-01
2.009233002565048025e+02 4.478122610344799082e-01
2.154434690031884543e+02 5.024878009079991603e-01
2.310129700083160458e+02 5.423451397041941791e-01
2.477076355991711409e+02 6.137281971442631878e-01
2.656087782946686957e+02 6.648368687760691786e-01
2.848035868435802058e+02 7.261060061306526814e-01
3.053855508833415797e+02 8.205955733200598345e-01
3.274549162877728463e+02 8.968901468490497741e-01
3.511191734215130964e+02 9.853128004651154903e-01
3.764935806792467474e+02 1.063456506365197285e+00
4.037017258596553688e+02 1.131415231967638269e+00
4.328761281083056929e+02 nan
4.641588833612781855e+02 nan
4.977023564332113779e+02 nan
5.336699231206312106e+02 nan
5.722367659350220492e+02 nan
6.135907273413175744e+02 nan
6.579332246575681893e+02 nan
7.054802310718645231e+02 nan
7.564633275546290179e+02 nan
8.111308307896872520e+02 nan
8.697490026177833897e+02 nan
9.326033468832199560e+02 nan
1.000000000000000000e+03 nan
